,0,1,2,3,4,5,6,7,8,9,mean
type_fscore,0.3343,0.3373,0.3408,0.3345,0.3365,0.3375,0.3297,0.3214,0.326,0.3382,0.33362
type_recall,0.4554,0.4481,0.4602,0.4826,0.5002,0.4689,0.4507,0.4211,0.4032,0.4264,0.45167999999999997
type_precision,0.2641,0.2704,0.2706,0.256,0.2535,0.2636,0.2599,0.2598,0.2737,0.2802,0.26517999999999997
token_fscore,0.4577,0.4662,0.4464,0.4478,0.4507,0.4493,0.4579,0.4336,0.4174,0.4299,0.4456899999999999
token_recall,0.4471,0.4567,0.4373,0.4232,0.4199,0.4279,0.4303,0.4116,0.4085,0.4256,0.42881
token_precision,0.4689,0.4762,0.4558,0.4755,0.4864,0.4729,0.4893,0.4581,0.4266,0.4343,0.46440000000000003
boundary_fscore,0.6741,0.6786,0.6542,0.6424,0.6419,0.6471,0.6494,0.6388,0.6389,0.6579,0.6523299999999999
boundary_recall,0.6529,0.6596,0.6354,0.5924,0.5805,0.6042,0.596,0.5944,0.6204,0.6489,0.6184700000000001
boundary_precision,0.6968,0.6988,0.6742,0.7016,0.7177,0.6964,0.7134,0.6904,0.6586,0.667,0.6914899999999999
