,0,1,2,3,4,5,6,7,8,9,mean
type_fscore,0.395,0.3949,0.3888,0.3912,0.3878,0.3813,0.3711,0.3801,0.39,0.393,0.38732
type_recall,0.6289,0.6296,0.6435,0.6486,0.6463,0.6244,0.5903,0.5825,0.5965,0.605,0.6195599999999999
type_precision,0.2879,0.2877,0.2785,0.2801,0.277,0.2745,0.2707,0.2821,0.2897,0.2911,0.28193
token_fscore,0.6075,0.6068,0.599,0.5871,0.587,0.5796,0.5798,0.5784,0.5839,0.6025,0.59116
token_recall,0.5288,0.5271,0.5154,0.5012,0.4991,0.4931,0.4914,0.491,0.5019,0.5223,0.5071299999999999
token_precision,0.7137,0.715,0.715,0.7085,0.7124,0.7028,0.7071,0.7037,0.6977,0.7119,0.7087800000000001
boundary_fscore,0.7423,0.7338,0.72,0.7051,0.7076,0.7009,0.7016,0.7032,0.72,0.7363,0.7170799999999999
boundary_recall,0.6107,0.5994,0.5784,0.5593,0.5605,0.5567,0.5551,0.5583,0.5821,0.6034,0.5763900000000001
boundary_precision,0.9461,0.9458,0.9533,0.9538,0.9594,0.9462,0.9532,0.9499,0.9434,0.9443,0.94954
