,0,1,2,3,4,5,6,7,8,9,mean
type_fscore,0.1544,0.1565,0.1623,0.1591,0.1543,0.1581,0.16,0.1599,0.1575,0.1571,0.15792
type_recall,0.4677,0.4737,0.4852,0.4767,0.4653,0.4563,0.4499,0.4524,0.4531,0.4629,0.46432
type_precision,0.09247,0.09375,0.09745,0.09549,0.0925,0.09562,0.09727,0.09711,0.09535,0.09461,0.095162
token_fscore,0.3149,0.3152,0.3215,0.3171,0.3049,0.3029,0.298,0.3019,0.2996,0.3023,0.30782999999999994
token_recall,0.249,0.2493,0.2552,0.2512,0.2406,0.2393,0.2351,0.2384,0.2363,0.2384,0.24328
token_precision,0.4283,0.4284,0.4343,0.4298,0.4163,0.4127,0.4068,0.4114,0.4094,0.4131,0.41905000000000003
boundary_fscore,0.5636,0.5613,0.5615,0.5609,0.5582,0.5592,0.5589,0.5613,0.5616,0.5614,0.5607900000000001
boundary_recall,0.4001,0.398,0.3984,0.3975,0.3954,0.3972,0.3978,0.4003,0.4,0.3993,0.3984
boundary_precision,0.9532,0.9518,0.9507,0.9526,0.9485,0.9442,0.9394,0.9388,0.9421,0.9449,0.94662
