,0,1,2,3,4,5,6,7,8,9,mean
type_fscore,0.3062,0.31,0.3305,0.3228,0.3301,0.3321,0.3149,0.3118,0.3138,0.3053,0.31775000000000003
type_recall,0.4122,0.4116,0.435,0.4362,0.4498,0.4355,0.4145,0.3957,0.3835,0.3887,0.41627000000000003
type_precision,0.2436,0.2487,0.2665,0.2562,0.2607,0.2684,0.2539,0.2572,0.2655,0.2513,0.2572
token_fscore,0.6035,0.6107,0.6254,0.6046,0.5937,0.6049,0.599,0.6057,0.605,0.6053,0.60578
token_recall,0.5497,0.5577,0.5748,0.55,0.536,0.5532,0.5471,0.5575,0.5605,0.5574,0.5543899999999999
token_precision,0.6692,0.6748,0.6857,0.6713,0.6654,0.6671,0.6618,0.663,0.6571,0.6623,0.6677700000000001
boundary_fscore,0.7877,0.7912,0.7908,0.7726,0.7698,0.7859,0.7787,0.7829,0.7887,0.7885,0.7836799999999999
boundary_recall,0.6923,0.6971,0.6999,0.6738,0.6652,0.6926,0.6865,0.6976,0.7095,0.7036,0.6918099999999999
boundary_precision,0.9135,0.9147,0.9088,0.9054,0.9135,0.9082,0.8994,0.8918,0.8877,0.8968,0.9039800000000001
