,0,1,2,3,4,5,6,7,8,9,mean
type_fscore,0.1786,0.2017,0.1953,0.1841,0.1936,0.1602,0.1894,0.1871,0.2029,0.1971,0.18900000000000003
type_recall,0.2,0.2558,0.2294,0.2183,0.2239,0.1574,0.1844,0.2064,0.24,0.2429,0.21584999999999996
type_precision,0.1614,0.1665,0.17,0.1591,0.1706,0.1631,0.1948,0.1711,0.1757,0.1659,0.16982
token_fscore,0.4716,0.5156,0.5092,0.4178,0.4499,0.4276,0.4669,0.4842,0.5021,0.4621,0.4707
token_recall,0.5459,0.566,0.5725,0.4948,0.5253,0.5183,0.5578,0.555,0.5656,0.5195,0.5420699999999999
token_precision,0.4152,0.4734,0.4585,0.3616,0.3934,0.3639,0.4014,0.4294,0.4514,0.4161,0.41642999999999997
boundary_fscore,0.681,0.7157,0.6968,0.6392,0.6637,0.6472,0.678,0.6908,0.6992,0.6844,0.6796000000000001
boundary_recall,0.8263,0.8116,0.82,0.8059,0.8193,0.838,0.8585,0.829,0.8198,0.8001,0.8228500000000001
boundary_precision,0.5791,0.6401,0.6058,0.5297,0.5577,0.5271,0.5602,0.5922,0.6095,0.598,0.5799399999999999
