,0,1,2,3,4,5,6,7,8,9,mean
type_fscore,0.487,0.4892,0.4946,0.5033,0.4834,0.4654,0.4638,0.462,0.4566,0.4656,0.47709
type_recall,0.4011,0.4038,0.4109,0.4185,0.3962,0.3765,0.3742,0.3717,0.3677,0.3786,0.38992000000000004
type_precision,0.6197,0.6204,0.6214,0.6312,0.6198,0.6092,0.6097,0.6102,0.6024,0.6046,0.61486
token_fscore,0.7349,0.7378,0.7414,0.7342,0.7319,0.7307,0.7255,0.7182,0.7286,0.7311,0.7314299999999999
token_recall,0.8118,0.8145,0.8174,0.8117,0.8097,0.8093,0.8048,0.7987,0.8072,0.8093,0.80944
token_precision,0.6712,0.6743,0.6783,0.6702,0.6677,0.6661,0.6605,0.6524,0.664,0.6667,0.66714
boundary_fscore,0.8733,0.8734,0.8744,0.8718,0.872,0.8712,0.8702,0.8675,0.8714,0.8714,0.8716599999999998
boundary_recall,1.0,1.0,1.0,1.0,0.9999,0.9999,1.0,1.0,0.9999,0.9999,0.9999600000000001
boundary_precision,0.775,0.7752,0.7768,0.7728,0.7731,0.7719,0.7702,0.7661,0.7722,0.7721,0.77254
