,0,1,2,3,4,5,6,7,8,9,mean
type_fscore,0.1467,0.1486,0.1479,0.1517,0.1525,0.1548,0.1517,0.1515,0.1508,0.1503,0.15065
type_recall,0.5897,0.5877,0.5941,0.6184,0.604,0.5777,0.5654,0.569,0.5599,0.5657,0.58316
type_precision,0.08376,0.08506,0.08446,0.08643,0.08726,0.08936,0.08758,0.08741,0.08712,0.08669,0.08651299999999999
token_fscore,0.4108,0.4174,0.418,0.4136,0.4104,0.4073,0.4033,0.4017,0.4018,0.4084,0.40926999999999997
token_recall,0.3584,0.3644,0.3646,0.361,0.3579,0.3554,0.3522,0.3506,0.35,0.3565,0.3571
token_precision,0.4811,0.4884,0.4898,0.4842,0.4811,0.4768,0.4718,0.4703,0.4716,0.478,0.4793099999999999
boundary_fscore,0.6064,0.6092,0.6067,0.6065,0.608,0.606,0.6064,0.6062,0.6042,0.6059,0.60655
boundary_recall,0.4993,0.5013,0.498,0.499,0.5006,0.5,0.5014,0.5012,0.4978,0.4997,0.49982999999999994
boundary_precision,0.7721,0.7762,0.7762,0.7731,0.7742,0.769,0.767,0.7668,0.7685,0.7693,0.7712399999999999
