,0,1,2,3,4,5,6,7,8,9,mean
type_fscore,0.1037,0.09436,0.1065,0.1157,0.1016,0.1183,0.1072,0.105,0.1131,0.1053,0.10707599999999999
type_recall,0.1908,0.1753,0.1987,0.1964,0.1952,0.2009,0.1944,0.1891,0.1901,0.1688,0.18997
type_precision,0.07122,0.06455,0.07278,0.08196,0.06866,0.0838,0.07404,0.07263,0.0805,0.07654,0.074668
token_fscore,0.258,0.2487,0.2499,0.2882,0.246,0.2579,0.259,0.2523,0.2809,0.245,0.25859
token_recall,0.2526,0.2419,0.2422,0.2829,0.241,0.2569,0.2552,0.2465,0.2742,0.2465,0.25399000000000005
token_precision,0.2636,0.2559,0.2581,0.2937,0.2512,0.259,0.263,0.2584,0.288,0.2434,0.26342999999999994
boundary_fscore,0.4646,0.4646,0.4534,0.4656,0.4519,0.4588,0.4709,0.4591,0.4808,0.4736,0.46433
boundary_recall,0.4514,0.4474,0.4338,0.4533,0.4392,0.4562,0.4613,0.4447,0.465,0.4777,0.45299999999999996
boundary_precision,0.4786,0.4831,0.4748,0.4787,0.4653,0.4615,0.4809,0.4745,0.4979,0.4695,0.47648
