,0,1,2,3,4,5,6,7,8,9,mean
type_fscore,0.5491,0.5458,0.5447,0.556,0.5753,0.5478,0.5701,0.5615,0.4928,0.4964,0.5439499999999999
type_recall,0.4976,0.4895,0.495,0.5097,0.5311,0.5008,0.524,0.5102,0.4396,0.4386,0.49361000000000005
type_precision,0.6124,0.6166,0.6054,0.6115,0.6276,0.6047,0.6252,0.6243,0.5608,0.5718,0.60603
token_fscore,0.7132,0.7351,0.7455,0.7305,0.7383,0.7437,0.7551,0.7093,0.7274,0.7207,0.73188
token_recall,0.794,0.8117,0.82,0.8094,0.8145,0.8202,0.828,0.7909,0.8064,0.8028,0.8097899999999999
token_precision,0.6474,0.6718,0.6834,0.6656,0.6752,0.6803,0.694,0.643,0.6625,0.6538,0.6677
boundary_fscore,0.8662,0.8768,0.8776,0.8645,0.875,0.8733,0.8831,0.8646,0.87,0.8662,0.87173
boundary_recall,1.0,1.0,1.0,1.0,1.0,1.0,1.0,1.0,0.9999,0.9999,0.9999800000000001
boundary_precision,0.764,0.7806,0.7819,0.7613,0.7777,0.7752,0.7907,0.7615,0.7699,0.764,0.77268
