,0,1,2,3,4,5,6,7,8,9,mean
type_fscore,0.07023,0.06746,0.07346,0.07279,0.06886,0.07428,0.07272,0.07447,0.07157,0.06859,0.071443
type_recall,0.174,0.1652,0.1704,0.17,0.1676,0.1737,0.1615,0.1688,0.1608,0.1619,0.16739
type_precision,0.04399,0.04238,0.04683,0.04631,0.04334,0.04724,0.04693,0.04777,0.04603,0.04352,0.045433999999999995
token_fscore,0.2527,0.2576,0.263,0.2571,0.2471,0.2509,0.2476,0.2529,0.2509,0.2404,0.25202
token_recall,0.2413,0.2473,0.2565,0.2508,0.2396,0.2408,0.2398,0.2432,0.2422,0.2308,0.24323
token_precision,0.2653,0.2689,0.2697,0.2637,0.2552,0.262,0.256,0.2634,0.2602,0.2508,0.26152
boundary_fscore,0.4497,0.4535,0.4597,0.4567,0.4557,0.4531,0.4535,0.4574,0.4591,0.4486,0.4547
boundary_recall,0.4215,0.4281,0.4438,0.4411,0.4364,0.4278,0.4339,0.4336,0.4376,0.4242,0.43279999999999996
boundary_precision,0.4819,0.482,0.4767,0.4735,0.4768,0.4816,0.4749,0.484,0.4829,0.476,0.47902999999999996
