,0,1,2,3,4,5,6,7,8,9,mean
type_fscore,0.4085,0.4292,0.4394,0.4522,0.4787,0.441,0.4291,0.4212,0.3927,0.3772,0.42691999999999997
type_recall,0.3696,0.3854,0.3939,0.4049,0.4591,0.4029,0.395,0.3967,0.3481,0.3285,0.38841000000000003
type_precision,0.4565,0.4843,0.4969,0.512,0.5,0.4871,0.4697,0.449,0.4503,0.443,0.4748799999999999
token_fscore,0.6395,0.6767,0.6689,0.6866,0.7028,0.6718,0.6674,0.6393,0.6564,0.5993,0.66087
token_recall,0.7114,0.7372,0.7326,0.7525,0.7554,0.7392,0.7225,0.7042,0.7251,0.6634,0.72435
token_precision,0.5809,0.6254,0.6153,0.6312,0.6571,0.6157,0.6201,0.5854,0.5996,0.5465,0.6077199999999999
boundary_fscore,0.8146,0.8332,0.8246,0.8301,0.8419,0.8249,0.8184,0.8101,0.8185,0.7778,0.8194100000000002
boundary_recall,0.9394,0.9336,0.9342,0.9458,0.9292,0.9415,0.9111,0.922,0.9363,0.8906,0.9283699999999998
boundary_precision,0.7191,0.7522,0.738,0.7396,0.7697,0.7339,0.7429,0.7224,0.727,0.6904,0.7335200000000002
