,0,1,2,3,4,5,6,7,8,9,mean
type_fscore,0.165,0.1878,0.1784,0.166,0.1756,0.1441,0.1664,0.1705,0.185,0.1845,0.17233
type_recall,0.1856,0.2409,0.2144,0.1965,0.2077,0.1412,0.1577,0.1893,0.2258,0.2341,0.19932
type_precision,0.1485,0.1539,0.1528,0.1436,0.1521,0.1471,0.176,0.1551,0.1566,0.1523,0.15380000000000002
token_fscore,0.4741,0.5052,0.5034,0.4155,0.4456,0.408,0.4569,0.4656,0.4863,0.4606,0.46212
token_recall,0.55,0.5608,0.5664,0.4931,0.5174,0.5006,0.5506,0.5352,0.5539,0.5176,0.5345599999999999
token_precision,0.4165,0.4596,0.4529,0.359,0.3913,0.3443,0.3905,0.412,0.4335,0.4149,0.40745
boundary_fscore,0.6791,0.7034,0.697,0.6367,0.6626,0.6403,0.6687,0.68,0.6886,0.686,0.67424
boundary_recall,0.828,0.8114,0.82,0.8048,0.8108,0.8409,0.8565,0.8186,0.8191,0.8012,0.8211299999999999
boundary_precision,0.5756,0.6208,0.6061,0.5267,0.5602,0.517,0.5485,0.5815,0.5939,0.5998,0.57301
