,0,1,2,3,4,5,6,7,8,9,mean
type_fscore,0.1633,0.1657,0.1732,0.1735,0.169,0.1626,0.1601,0.1598,0.1588,0.1584,0.16444
type_recall,0.2557,0.2568,0.2673,0.2734,0.2699,0.2477,0.2397,0.2375,0.2354,0.238,0.25214
type_precision,0.12,0.1224,0.1281,0.1271,0.123,0.121,0.1202,0.1204,0.1199,0.1188,0.12209
token_fscore,0.3832,0.3743,0.3795,0.3723,0.3663,0.3702,0.3692,0.357,0.3628,0.3657,0.37005000000000005
token_recall,0.4232,0.4156,0.4221,0.4124,0.4048,0.4095,0.408,0.3974,0.4017,0.4059,0.4100599999999999
token_precision,0.3502,0.3405,0.3447,0.3392,0.3345,0.3378,0.3372,0.324,0.3308,0.3327,0.33716
boundary_fscore,0.5863,0.5811,0.5811,0.577,0.5744,0.5784,0.5807,0.5762,0.5793,0.5833,0.5797800000000001
boundary_recall,0.6709,0.6703,0.6731,0.6643,0.6577,0.6631,0.664,0.6653,0.6638,0.6708,0.6663300000000001
boundary_precision,0.5207,0.5129,0.5112,0.51,0.5098,0.5129,0.516,0.5081,0.5139,0.516,0.5131500000000001
