,0,1,2,3,4,5,6,7,8,9,mean
type_fscore,0.498,0.4951,0.508,0.5113,0.5088,0.5038,0.499,0.494,0.4679,0.4741,0.496
type_recall,0.5773,0.5605,0.5854,0.5982,0.5982,0.5852,0.581,0.5551,0.5139,0.5319,0.56867
type_precision,0.4379,0.4433,0.4487,0.4464,0.4427,0.4422,0.4372,0.4449,0.4294,0.4277,0.44003999999999993
token_fscore,0.7134,0.7311,0.7422,0.755,0.7487,0.7567,0.7323,0.737,0.73,0.6994,0.73458
token_recall,0.7376,0.7564,0.768,0.7714,0.7607,0.7755,0.7537,0.7576,0.7526,0.7271,0.75606
token_precision,0.6908,0.7074,0.718,0.7393,0.737,0.7389,0.7121,0.7174,0.7087,0.6737,0.71433
boundary_fscore,0.8292,0.8377,0.8376,0.8479,0.8419,0.8472,0.8391,0.8435,0.834,0.8188,0.8376899999999999
boundary_recall,0.8673,0.8773,0.8791,0.8739,0.8608,0.8763,0.8726,0.8758,0.8693,0.8628,0.87152
boundary_precision,0.7943,0.8014,0.7999,0.8233,0.8238,0.8199,0.8081,0.8134,0.8014,0.779,0.8064500000000001
