,0,1,2,3,4,5,6,7,8,9,mean
type_fscore,0.1213,0.1226,0.1183,0.1232,0.1263,0.1279,0.1234,0.118,0.119,0.1183,0.12183000000000002
type_recall,0.3217,0.3178,0.3093,0.3117,0.3872,0.3378,0.343,0.3196,0.2888,0.2736,0.32105
type_precision,0.07474,0.07597,0.07312,0.07673,0.07544,0.07885,0.07525,0.07238,0.07493,0.07547,0.07528800000000001
token_fscore,0.08979,0.09388,0.1034,0.1073,0.09747,0.09969,0.09962,0.08976,0.1014,0.09573,0.097804
token_recall,0.1209,0.1238,0.1355,0.1426,0.129,0.1324,0.1302,0.1198,0.1343,0.1268,0.12952999999999998
token_precision,0.07142,0.07561,0.08357,0.08605,0.07833,0.07994,0.08066,0.07178,0.08143,0.07687,0.078566
boundary_fscore,0.3395,0.3514,0.3477,0.341,0.349,0.338,0.351,0.3446,0.3469,0.3468,0.34558999999999995
boundary_recall,0.4998,0.5023,0.4984,0.5036,0.5053,0.4945,0.499,0.5015,0.5016,0.4995,0.50055
boundary_precision,0.257,0.2702,0.267,0.2577,0.2665,0.2568,0.2707,0.2625,0.2651,0.2656,0.26391
