,0,1,2,3,4,5,6,7,8,9,mean
type_fscore,0.08402,0.08315,0.09082,0.08821,0.08657,0.08794,0.09014,0.08893,0.09122,0.08637,0.087737
type_recall,0.1819,0.1815,0.1849,0.1779,0.1788,0.1745,0.1912,0.1768,0.1654,0.1638,0.17767
type_precision,0.05463,0.05393,0.0602,0.05865,0.05711,0.05878,0.05897,0.0594,0.06297,0.05865,0.058329
token_fscore,0.2469,0.2521,0.2675,0.2557,0.2427,0.2506,0.2547,0.2537,0.2574,0.2539,0.25351999999999997
token_recall,0.2388,0.2398,0.26,0.2515,0.24,0.2468,0.2456,0.2457,0.2519,0.2506,0.24706999999999998
token_precision,0.2555,0.2656,0.2755,0.2602,0.2455,0.2544,0.2645,0.2622,0.2632,0.2573,0.26039
boundary_fscore,0.4552,0.4594,0.4579,0.4549,0.4491,0.4613,0.4627,0.4561,0.47,0.4718,0.45983999999999997
boundary_recall,0.435,0.4288,0.4397,0.4441,0.442,0.4517,0.4402,0.4365,0.4562,0.4634,0.44376
boundary_precision,0.4773,0.4946,0.4777,0.4662,0.4564,0.4712,0.4876,0.4776,0.4847,0.4804,0.47737000000000007
