,0,1,2,3,4,5,6,7,8,9,mean
type_fscore,0.1522,0.1735,0.1566,0.1467,0.1523,0.1255,0.1475,0.1557,0.1662,0.1696,0.15458
type_recall,0.1737,0.2298,0.192,0.1778,0.1788,0.121,0.1402,0.1811,0.2103,0.2197,0.18244
type_precision,0.1355,0.1393,0.1322,0.1249,0.1327,0.1304,0.1557,0.1366,0.1374,0.1381,0.13628
token_fscore,0.474,0.5027,0.5007,0.4144,0.4319,0.396,0.4455,0.4668,0.4932,0.4648,0.4590000000000001
token_recall,0.5533,0.5586,0.5639,0.4899,0.5063,0.4885,0.5387,0.5372,0.5583,0.5228,0.53175
token_precision,0.4146,0.4569,0.4503,0.3591,0.3766,0.333,0.3798,0.4128,0.4418,0.4184,0.40432999999999997
boundary_fscore,0.6762,0.7019,0.6948,0.6395,0.6558,0.6316,0.6612,0.683,0.6957,0.6866,0.6726300000000001
boundary_recall,0.8329,0.8108,0.8176,0.8016,0.8117,0.8343,0.85,0.8231,0.8211,0.8049,0.8208
boundary_precision,0.5691,0.6188,0.604,0.5319,0.5501,0.5082,0.5411,0.5837,0.6035,0.5986,0.5709000000000002
