,0,1,2,3,4,5,6,7,8,9,mean
type_fscore,0.4202,0.4251,0.434,0.4518,0.4426,0.432,0.423,0.4137,0.4009,0.4094,0.42527
type_recall,0.5137,0.5122,0.5212,0.5446,0.5392,0.5234,0.5093,0.4855,0.4598,0.4784,0.50873
type_precision,0.3554,0.3633,0.3717,0.3861,0.3754,0.3678,0.3617,0.3605,0.3553,0.3578,0.36550000000000005
token_fscore,0.6594,0.6672,0.6963,0.667,0.6447,0.67,0.6779,0.6703,0.6676,0.6689,0.66893
token_recall,0.6153,0.6246,0.6576,0.6213,0.5952,0.6259,0.6349,0.6317,0.6317,0.6302,0.6268400000000002
token_precision,0.7105,0.716,0.7399,0.7201,0.7033,0.7208,0.7271,0.7138,0.7078,0.7128,0.7172099999999999
boundary_fscore,0.8222,0.8258,0.8363,0.8183,0.8083,0.8246,0.8305,0.827,0.825,0.8273,0.82453
boundary_recall,0.7475,0.7535,0.7702,0.7388,0.7214,0.7491,0.7586,0.762,0.7644,0.7621,0.7527600000000001
boundary_precision,0.9135,0.9134,0.9148,0.917,0.9189,0.917,0.9176,0.9042,0.8961,0.9048,0.91173
