,0,1,2,3,4,5,6,7,8,9,mean,variance
dibs,0.029423797133173023,0.05261996936288553,0.027486331516703887,0.029053254871614805,0.032445567366915,0.009159398877421118,0.05232572653755742,0.055608455881016594,0.04009397598914763,0.07201802453888288,0.04002345020753179,0.0002976459609030944
puddle,0.05500876008423851,0.030227236689118236,0.03290469520925813,0.04089951751381754,0.04644627623002054,0.046544377205405475,0.04647953698314323,0.04990915812949432,0.03556280052830265,0.07015671316577199,0.04541390717385706,0.0001232493607662407
baseline,0.020217708273419007,0.002370164138637132,0.00571658529434923,0.004172283731341599,0.01462077599205078,0.010622652622127323,0.013808739074118401,0.004717190687492621,0.00014925923039390505,0.004864763670606556,0.008126012271453655,3.673691565054701e-05
dpseg,0.07770361136043466,0.06401661993259981,0.03606196377690126,0.042390927918193815,0.08463321425871229,0.0663635574311306,0.05217164334249176,0.06654762869831057,0.04412323991669566,0.054613715772474244,0.058862612240794455,0.00022322518654825126
tp/absoluteforward,0.14575842818572357,0.06310702566337041,0.02427870511382327,0.04036561387638191,0.01390200528354834,0.02349968394482328,0.07930039362747804,0.07095722743363878,0.03161372754346326,0.08313688741244124,0.057591969808469215,0.001425865578544863
tp/absolutebackward,0.06190078239280584,0.04054144242836457,0.015392490115728536,0.0006150030143132429,0.010342396518096738,0.02030307339362296,0.02819506346046205,0.01812567454650938,0.024331698686171473,0.03820804129586293,0.025795566585193774,0.0002753077458063506
tp/relativeforward,0.019370821724728645,0.006539136792081317,0.011420345353776876,0.019962204927842196,0.027688214461875523,0.03265773118081672,0.01879144999963408,0.01252233381053895,0.011687597400365719,0.0483778714066598,0.020901770705831983,0.00013981732094146745
tp/relativebackward,0.004396245393910829,0.00046708149099083235,0.0008665736221332536,0.0010464161573736262,7.944774943286698e-06,0.005537486266625592,0.004046131452499459,0.006429011331780858,0.005975414662117168,0.009841621357757553,0.003861392651013246,9.321781828800957e-06
gold,0.09347089773808896,0.08115763315375674,0.04584979509197041,0.04599117454259294,0.046163786321800626,0.04514709268619663,0.05837727007088592,0.03893257783839776,0.04900662303566407,0.04716157806119105,0.05512584285405451,0.00028710464554022804
