,0,1,2,3,4,5,6,7,8,9,mean,variance
dibs,0.01182499553330714,0.01040344507795678,0.012047250132596018,0.012421121954817108,0.011854331848269378,0.0136185849164592,0.014887922132646465,0.011511229607832579,0.010142970929482237,0.009889439976996286,0.01186012921103632,2.1686599744425137e-06
puddle,0.007721632177436628,0.007811350046491068,0.0076701825649509265,0.008149862283314262,0.008143081687624254,0.007975808633156509,0.007771900953524908,0.007595683177042003,0.0072386088881966175,0.007561815110876184,0.0077639925522613356,6.956018222214243e-08
baseline,0.010475861624727212,0.010759990892228847,0.010096995310945503,0.010398616419226986,0.010189674379149504,0.010188319365546716,0.010517489777902596,0.010310442530460344,0.010703524347343528,0.010596124486711581,0.010423703913424284,4.63005219131318e-08
dpseg,0.008311713971288638,0.008549752431497585,0.008842541046397496,0.008895391546099337,0.008586634138683403,0.008512023717437384,0.008483477988939263,0.00836709937703494,0.008816130092434506,0.00880644412346538,0.008617120843327794,3.938546891731335e-08
tp/absoluteforward,0.01159820847260398,0.012843989696662842,0.013697805007869998,0.014882405882442473,0.014959065985921637,0.013970738996696139,0.011980930627142032,0.011934750192081116,0.013066429510661852,0.011954548910310461,0.013088887328239252,1.3991647002763874e-06
tp/absolutebackward,0.0143872106477003,0.013465865121131208,0.013144336584841149,0.014415994145980724,0.012931094775373523,0.01290657961543772,0.012481474637529013,0.013234852798239697,0.013334631827900085,0.014109624225709239,0.013441166437984264,3.901721972441572e-07
tp/relativeforward,0.00849756085026438,0.008000444968957144,0.008066980486337326,0.008066754024340313,0.007956625719162285,0.00794369119131898,0.007918618734498853,0.008491410773811594,0.0081439045475811,0.007763983861110369,0.008084997515738233,5.138353120089157e-08
tp/relativebackward,0.008513409564080959,0.008611994836550192,0.00872123032628407,0.008644583296497222,0.00928798553144984,0.008555711761393064,0.009239038191170309,0.008535476821446779,0.009021656096861308,0.008384833233006785,0.008751591965874054,9.064341924050962e-08
gold,0.007808525038210752,0.0077011327549887315,0.008026552420069768,0.00821539443624855,0.008339451842520218,0.00811227559924772,0.007688451025043181,0.008317908365450391,0.0081143617440742,0.007897589755491525,0.008022164298134505,5.176998470780283e-08
