,0,1,2,3,4,5,6,7,8,9,mean,variance
dibs,0.008415044638782527,0.008593094561918138,0.008188026402051891,0.008886599799700114,0.00840641910632159,0.007910025959129383,0.008214215959572564,0.007868058482067333,0.007514167665701684,0.008115569495789777,0.008211122207103499,1.385668705843967e-07
puddle,0.008686307675946895,0.008365199996266996,0.008523078582982627,0.008835554820477496,0.008682115679351236,0.008451427163829418,0.008908282425470886,0.008844227085552929,0.00864303906078651,0.008059761630238901,0.008599899412090387,6.011945858777329e-08
baseline,0.008713757314350286,0.008521851883148041,0.00833245806880567,0.008739618996938989,0.008580129419716512,0.008095652129044666,0.00852015509864235,0.00868347818936493,0.008579517136891972,0.00814082205284525,0.008490744028974867,4.70120698047484e-08
dpseg,0.008242419939054044,0.008147697085588249,0.008279493127966948,0.008363834027933115,0.00826613625986838,0.00802399625340621,0.007934986529329028,0.008057956707553406,0.007846318185353826,0.008301400390003252,0.008146423850605645,2.7012437970360264e-08
tp/absoluteforward,0.007865527700433713,0.007581459052392234,0.007507325820308316,0.007971544397335733,0.008155388981504915,0.007724387697298379,0.007816299568678974,0.007666157944127223,0.0074478534699146635,0.007907715161092004,0.007764365979308616,4.402495016491041e-08
tp/absolutebackward,0.008548895852035316,0.008396717290375461,0.008448297963176263,0.008853893820408982,0.008450464796735438,0.008018818002198936,0.008663758811744832,0.008454548726423872,0.008760546346529586,0.008300057182095246,0.008489599879172393,5.106245812424102e-08
tp/relativeforward,0.008412778687590128,0.00858584086343598,0.00873067006883747,0.008857062074303458,0.008778109296894055,0.008548915780722173,0.008834040096497353,0.009004192305088303,0.009078229524773714,0.00869746960847431,0.008752730830661696,3.7582331985962095e-08
tp/relativebackward,0.009998513444991428,0.009932375629840742,0.009902938435600066,0.00949397448760825,0.00928710576623756,0.00962235494835249,0.010491975827158186,0.010219600492085248,0.010411254610865318,0.009810130613461482,0.009917022425620075,1.3474845563607192e-07
gold,0.007029290880839768,0.007094935933578322,0.007218778295918194,0.007619180970176645,0.007150397880976302,0.006945630051686609,0.007131455977715747,0.007207885600511447,0.006945990763611171,0.007119266556248395,0.007146281291126259,3.303518623564877e-08
