,0,1,2,3,4,5,6,7,8,9,mean,variance
dibs,0.07912618146642668,0.05351684017529828,0.057881801921636944,0.06115291413418716,0.06217430655898086,0.06701601773984019,0.06772291257286224,0.06566567219707696,0.05743342984919816,0.07509608385172378,0.06467861604672312,5.7493803576099454e-05
puddle,0.03093933279029496,0.044338704532603995,0.028487857597165364,0.02758725934419991,0.037135558183155844,0.02430935209737458,0.011899477456502298,0.014353263045783177,0.0177054699146338,0.032729441028732494,0.02694857159904464,9.358308091695563e-05
baseline,0.0548192417265714,0.03703110049306605,0.03724479329202953,0.03241356324438873,0.0422585544527669,0.054358809489719384,0.04037945972869974,0.03959843010851563,0.05715335334775221,0.07597434820837481,0.04712316540918844,0.0001586147608148638
dpseg,0.10781872770962497,0.08206433417572338,0.06783559413666886,0.06173819168562805,0.08610540075978124,0.07433660393875575,0.08669927748014863,0.08451613472529299,0.06503578073518622,0.07011108727306185,0.07862611326198718,0.00016970780703246517
tp/absoluteforward,0.10647163991167036,0.09123017985589911,0.07989671106978452,0.09167106012447876,0.07689144910581347,0.08911344763847,0.09027679810795619,0.08580065038196241,0.08386036360179558,0.08012347993443589,0.08753357797322663,6.424367966130414e-05
tp/absolutebackward,0.04336800033681354,0.033248840597740574,0.010163139838522428,0.02201956598724492,0.03391206890183669,0.024381533168512617,0.027050068055693422,0.017892349070175662,0.023698899075095176,0.04370914091752413,0.027944360594915917,0.00010340033924013127
tp/relativeforward,0.21384419964220833,0.16982516703360265,0.12885742406808565,0.11614796648187703,0.13851252474166084,0.13806971237107998,0.115312527914382,0.11653879977372981,0.12951828847006244,0.18318841163670696,0.14498150221333955,0.0009928372231022
tp/relativebackward,0.035263805015139905,0.020179841011247545,0.01865924700895309,0.02664385044598201,0.03743823225368433,0.030226690884724062,0.016659107303602566,0.008983587587904835,0.029581301459687213,0.05755067856725846,0.0281186341538184,0.00016628871039759563
gold,0.11500312875719115,0.09624107586952792,0.08183350317411293,0.07704741953806532,0.087986850606763,0.10028443080404013,0.09216854114506559,0.07934112280346954,0.07494024411055848,0.095334055863698,0.09001803726724919,0.00013819501538956592
