,0,1,2,3,4,5,6,7,8,9,mean
type_fscore,0.3192,0.3121,0.3082,0.3088,0.3032,0.3015,0.3082,0.3033,0.3095,0.3135,0.30874999999999997
type_recall,0.4559,0.4383,0.4629,0.467,0.4663,0.446,0.4336,0.4,0.41,0.4223,0.44023
type_precision,0.2455,0.2424,0.231,0.2307,0.2246,0.2277,0.239,0.2442,0.2486,0.2493,0.23829999999999996
token_fscore,0.4461,0.4529,0.4387,0.4411,0.4365,0.4452,0.443,0.4161,0.4219,0.4408,0.43823
token_recall,0.4348,0.4424,0.4216,0.4168,0.4109,0.4193,0.4207,0.4022,0.413,0.4324,0.42141
token_precision,0.4579,0.4639,0.4573,0.4683,0.4654,0.4746,0.4679,0.4311,0.4312,0.4494,0.45669999999999994
boundary_fscore,0.6641,0.6618,0.6424,0.6365,0.6344,0.6394,0.6422,0.6316,0.6448,0.6604,0.6457599999999999
boundary_recall,0.6411,0.6404,0.607,0.587,0.5828,0.588,0.5979,0.6027,0.6262,0.6434,0.6116499999999999
boundary_precision,0.6887,0.6847,0.6822,0.695,0.6961,0.7006,0.6937,0.6634,0.6645,0.6783,0.68472
