,0,1,2,3,4,5,6,7,8,9,mean
type_fscore,0.1894,0.1993,0.1984,0.2076,0.2077,0.2056,0.1985,0.1979,0.1934,0.1866,0.19844000000000003
type_recall,0.2843,0.2946,0.2898,0.2944,0.3281,0.2957,0.3038,0.2895,0.2683,0.2584,0.29069
type_precision,0.142,0.1506,0.1509,0.1603,0.1519,0.1576,0.1474,0.1503,0.1512,0.146,0.15081999999999998
token_fscore,0.3376,0.3617,0.4125,0.3693,0.3553,0.3672,0.3726,0.346,0.3723,0.3461,0.36406
token_recall,0.3796,0.3986,0.4547,0.4088,0.3959,0.4087,0.4079,0.3816,0.4131,0.3825,0.40314000000000005
token_precision,0.304,0.3311,0.3775,0.3367,0.3222,0.3333,0.3429,0.3164,0.3388,0.3159,0.33187999999999995
boundary_fscore,0.5695,0.5818,0.6031,0.5593,0.5683,0.5757,0.5763,0.5596,0.5824,0.5682,0.5744199999999999
boundary_recall,0.6661,0.6619,0.6892,0.6462,0.6583,0.6676,0.6513,0.6381,0.6702,0.6494,0.65983
boundary_precision,0.4973,0.519,0.5361,0.4931,0.4999,0.506,0.5168,0.4983,0.5149,0.5051,0.50865
