,0,1,2,3,4,5,6,7,8,9,mean
type_fscore,,0.2882,0.2995,0.2939,0.2822,0.2865,0.2885,0.2893,0.2959,0.2996,0.29151111111111105
type_recall,,0.4415,0.4662,0.4651,0.4523,0.4298,0.4053,0.4049,0.4132,0.4217,0.43333333333333335
type_precision,,0.2139,0.2206,0.2148,0.2051,0.2149,0.224,0.2251,0.2305,0.2323,0.22013333333333335
token_fscore,,0.4359,0.4371,0.4344,0.4344,0.4418,0.4264,0.4162,0.4239,0.431,0.43123333333333336
token_recall,,0.4194,0.4173,0.4109,0.4069,0.4182,0.4093,0.4029,0.4152,0.4231,0.4136888888888889
token_precision,,0.4539,0.4589,0.4608,0.4658,0.4683,0.4449,0.4305,0.4331,0.4393,0.45061111111111113
boundary_fscore,,0.6459,0.638,0.632,0.6302,0.6379,0.6352,0.6353,0.6476,0.6538,0.6395444444444445
boundary_recall,,0.6117,0.5973,0.584,0.5752,0.5908,0.6005,0.6075,0.6294,0.6373,0.6037444444444444
boundary_precision,,0.6841,0.6847,0.6885,0.6968,0.6932,0.6742,0.6658,0.6669,0.6711,0.6805888888888889
