,0,1,2,3,4,5,6,7,8,9,mean
type_fscore,0.366,0.3605,0.3693,0.3562,0.3569,0.364,0.365,0.3634,0.367,0.3733,0.36415999999999993
type_recall,0.6344,0.634,0.647,0.6316,0.6231,0.6035,0.605,0.6008,0.6007,0.6176,0.61977
type_precision,0.2572,0.2519,0.2584,0.248,0.25,0.2606,0.2613,0.2604,0.2642,0.2675,0.25795
token_fscore,0.5999,0.5956,0.596,0.5858,0.5786,0.5918,0.5862,0.5884,0.598,0.607,0.59273
token_recall,0.5192,0.513,0.5111,0.4979,0.4907,0.5045,0.5019,0.5061,0.5176,0.5279,0.5089899999999999
token_precision,0.7104,0.71,0.7147,0.7115,0.7048,0.7157,0.7046,0.7027,0.708,0.7139,0.70963
boundary_fscore,0.7301,0.7211,0.7154,0.7029,0.7019,0.7118,0.7145,0.7211,0.732,0.7361,0.7186899999999999
boundary_recall,0.5939,0.5815,0.5727,0.5559,0.5547,0.5675,0.5742,0.5838,0.5975,0.6038,0.57855
boundary_precision,0.9474,0.9489,0.953,0.9558,0.9553,0.9545,0.9455,0.9428,0.9448,0.9425,0.9490500000000001
