,0,1,2,3,4,5,6,7,8,9,mean
type_fscore,0.2883,0.2919,0.2967,0.2831,0.2823,0.2903,0.2817,0.2839,0.2862,0.2863,0.28707000000000005
type_recall,0.407,0.4098,0.4158,0.3985,0.3932,0.3831,0.3765,0.3805,0.3833,0.3897,0.39374
type_precision,0.2232,0.2267,0.2306,0.2195,0.2202,0.2337,0.225,0.2264,0.2284,0.2262,0.22599
token_fscore,0.5902,0.5872,0.5949,0.5867,0.5789,0.5902,0.5925,0.5872,0.5927,0.5978,0.58983
token_recall,0.5332,0.5298,0.5379,0.5306,0.5227,0.5381,0.5405,0.5345,0.5397,0.5441,0.5351100000000001
token_precision,0.6609,0.6585,0.6655,0.6561,0.6486,0.6536,0.6556,0.6515,0.6574,0.6632,0.65709
boundary_fscore,0.7727,0.7698,0.7733,0.7671,0.7647,0.7778,0.7795,0.7776,0.781,0.7806,0.7744099999999998
boundary_recall,0.6693,0.6648,0.6694,0.6649,0.6623,0.6834,0.6861,0.6827,0.6854,0.6839,0.6752199999999998
boundary_precision,0.9139,0.9141,0.9154,0.9065,0.9047,0.9025,0.9023,0.9033,0.9076,0.9091,0.90794
