,0,1,2,3,4,5,6,7,8,9,mean
type_fscore,0.2574,0.2613,0.2592,0.2683,0.2736,0.2832,0.2525,0.26,0.2629,0.2671,0.26455
type_recall,0.5551,0.571,0.5623,0.5645,0.5986,0.5908,0.5591,0.5436,0.5374,0.5393,0.56217
type_precision,0.1675,0.1694,0.1685,0.176,0.1773,0.1862,0.1631,0.1709,0.174,0.1775,0.17304
token_fscore,0.3398,0.3248,0.3449,0.3698,0.3388,0.3419,0.3283,0.3389,0.3315,0.3259,0.33846
token_recall,0.2722,0.2591,0.2763,0.3006,0.2703,0.2748,0.2613,0.2712,0.2652,0.2597,0.27107000000000003
token_precision,0.452,0.435,0.4587,0.4806,0.4538,0.4526,0.4413,0.4517,0.4422,0.4375,0.45054
boundary_fscore,0.5923,0.5876,0.5853,0.5825,0.5798,0.5774,0.5766,0.5912,0.5784,0.5734,0.58245
boundary_recall,0.4317,0.4274,0.423,0.4242,0.4173,0.4174,0.4153,0.4304,0.4192,0.4155,0.42214000000000007
boundary_precision,0.9436,0.9401,0.9496,0.9292,0.9492,0.9365,0.9427,0.9441,0.9327,0.925,0.9392700000000002
