,0,1,2,3,4,5,6,7,8,9,mean
type_fscore,0.1893,0.1919,0.2,0.2093,0.2021,0.2003,0.1939,0.1955,0.1979,0.1886,0.19688
type_recall,0.2853,0.2841,0.2975,0.3079,0.3072,0.2982,0.2797,0.2713,0.2776,0.2749,0.28837
type_precision,0.1416,0.1449,0.1506,0.1585,0.1506,0.1508,0.1483,0.1528,0.1537,0.1436,0.14954
token_fscore,0.4598,0.4604,0.4872,0.4653,0.4776,0.4612,0.4533,0.4541,0.469,0.4628,0.46507
token_recall,0.5024,0.5042,0.5326,0.5097,0.5203,0.5039,0.4952,0.4972,0.5124,0.5033,0.50812
token_precision,0.4238,0.4236,0.4489,0.428,0.4415,0.4251,0.4179,0.4179,0.4323,0.4284,0.42874
boundary_fscore,0.653,0.6504,0.6653,0.6552,0.6614,0.6503,0.6471,0.6505,0.6599,0.6561,0.6549200000000001
boundary_recall,0.7359,0.7367,0.7526,0.7436,0.7434,0.7335,0.729,0.7348,0.7433,0.7339,0.7386699999999999
boundary_precision,0.5869,0.5823,0.5961,0.5856,0.5957,0.584,0.5817,0.5836,0.5933,0.5933,0.5882499999999999
