,0,1,2,3,4,5,6,7,8,9,mean
type_fscore,0.2095,0.2251,0.2316,0.2126,0.2361,0.1961,0.222,0.2212,0.2326,0.216,0.22027999999999998
type_recall,0.2291,0.2764,0.2704,0.2412,0.2717,0.1884,0.2212,0.243,0.2678,0.2542,0.24633999999999995
type_precision,0.193,0.1899,0.2025,0.1901,0.2087,0.2044,0.2229,0.2031,0.2055,0.1878,0.20079000000000002
token_fscore,0.4711,0.5235,0.5235,0.45,0.4614,0.4347,0.478,0.5008,0.5175,0.4615,0.4822
token_recall,0.5476,0.5716,0.5811,0.5254,0.5373,0.5294,0.5638,0.5645,0.5831,0.5165,0.55203
token_precision,0.4134,0.4828,0.4763,0.3936,0.4042,0.3688,0.4148,0.45,0.4651,0.417,0.42860000000000004
boundary_fscore,0.6777,0.7244,0.7104,0.6477,0.6737,0.6473,0.6801,0.7067,0.7069,0.6818,0.6856699999999999
boundary_recall,0.8277,0.8143,0.8195,0.805,0.8274,0.8462,0.8477,0.8291,0.8303,0.792,0.82392
boundary_precision,0.5737,0.6524,0.6269,0.5418,0.5682,0.5241,0.5679,0.6157,0.6154,0.5985,0.5884600000000001
