,0,1,2,3,4,5,6,7,8,9,mean
type_fscore,0.1482,0.1539,0.153,0.1509,0.1517,0.1571,0.152,0.1509,0.1532,0.1536,0.15245
type_recall,0.474,0.4867,0.4827,0.4724,0.4646,0.466,0.4576,0.4567,0.4654,0.4712,0.46973000000000004
type_precision,0.08779,0.09139,0.09088,0.08979,0.09062,0.09447,0.09114,0.0904,0.09171,0.09175,0.09099399999999999
token_fscore,0.3139,0.3178,0.3178,0.3158,0.3044,0.3021,0.3024,0.301,0.3035,0.3136,0.30923
token_recall,0.248,0.2518,0.2519,0.2502,0.2403,0.2387,0.2387,0.2375,0.2396,0.2482,0.24449
token_precision,0.4274,0.4305,0.4304,0.4282,0.415,0.4112,0.4125,0.411,0.4141,0.4258,0.42061000000000004
boundary_fscore,0.562,0.5639,0.5626,0.5621,0.5591,0.5603,0.5618,0.5621,0.562,0.5646,0.5620499999999999
boundary_recall,0.3986,0.4006,0.3992,0.3993,0.3966,0.3988,0.4003,0.4006,0.4001,0.4022,0.39963000000000004
boundary_precision,0.9529,0.9518,0.9529,0.9493,0.9468,0.9415,0.9421,0.9414,0.9437,0.9471,0.94695
