,0,1,2,3,4,5,6,7,8,9,mean
type_fscore,0.2287,0.2136,0.2251,0.2407,0.2267,0.2325,0.2229,0.2255,0.2295,0.2246,0.22698000000000002
type_recall,0.326,0.3071,0.3207,0.327,0.3327,0.3217,0.3259,0.3172,0.3054,0.2969,0.31806
type_precision,0.1761,0.1638,0.1734,0.1904,0.172,0.182,0.1694,0.1749,0.1838,0.1806,0.17664
token_fscore,0.4575,0.4515,0.4781,0.4748,0.4793,0.4599,0.4704,0.4133,0.4723,0.4494,0.46064999999999995
token_recall,0.5047,0.4907,0.5209,0.5216,0.5197,0.5021,0.5094,0.4569,0.5153,0.4948,0.5036099999999999
token_precision,0.4185,0.4181,0.4418,0.4357,0.4448,0.4242,0.4369,0.3772,0.4359,0.4117,0.42447999999999997
boundary_fscore,0.6494,0.6492,0.6597,0.6559,0.668,0.6478,0.6572,0.6222,0.6559,0.6532,0.65185
boundary_recall,0.7407,0.7253,0.7421,0.7497,0.746,0.7317,0.732,0.7117,0.738,0.7424,0.7359599999999998
boundary_precision,0.5782,0.5875,0.5939,0.583,0.6047,0.5812,0.5962,0.5528,0.5903,0.5831,0.58509
