,0,1,2,3,4,5,6,7,8,9,mean
type_fscore,0.1628,0.1688,0.1779,0.1773,0.1795,0.1754,0.1633,0.1718,0.1837,0.1762,0.17367
type_recall,0.4326,0.4418,0.4548,0.4618,0.4682,0.4507,0.4194,0.4171,0.4363,0.437,0.4419700000000001
type_precision,0.1003,0.1043,0.1106,0.1097,0.111,0.1089,0.1014,0.1082,0.1164,0.1103,0.10811000000000001
token_fscore,0.3003,0.3004,0.3253,0.3225,0.3044,0.304,0.2921,0.2941,0.29,0.2982,0.30313
token_recall,0.2359,0.2363,0.2583,0.2557,0.2401,0.2398,0.2295,0.2319,0.2287,0.2349,0.23911000000000002
token_precision,0.4129,0.4122,0.4392,0.4366,0.4157,0.415,0.4016,0.4021,0.3962,0.4081,0.41396
boundary_fscore,0.5629,0.5591,0.5585,0.5536,0.5528,0.5575,0.5529,0.553,0.5526,0.5578,0.55607
boundary_recall,0.3993,0.3956,0.395,0.3912,0.3896,0.3939,0.391,0.3929,0.3932,0.3969,0.39386
boundary_precision,0.9534,0.9527,0.9527,0.9464,0.9509,0.9535,0.9434,0.9334,0.9298,0.9379,0.9454100000000001
