,0,1,2,3,4,5,6,7,8,9,mean
type_fscore,0.5016,0.5044,0.5117,0.5162,0.5242,0.5217,0.4928,0.4728,0.468,0.4842,0.49976000000000004
type_recall,0.4236,0.4275,0.4384,0.4444,0.4517,0.4463,0.4136,0.3906,0.3878,0.4041,0.42279999999999995
type_precision,0.6148,0.6151,0.6143,0.6157,0.6243,0.6277,0.6095,0.5989,0.5899,0.6039,0.61141
token_fscore,0.732,0.7371,0.7381,0.7365,0.744,0.7357,0.7311,0.7152,0.7201,0.7241,0.73139
token_recall,0.8092,0.8137,0.8146,0.8139,0.8195,0.8128,0.809,0.7969,0.8008,0.8037,0.80941
token_precision,0.6683,0.6736,0.6747,0.6726,0.6813,0.672,0.667,0.6488,0.6542,0.6588,0.66713
boundary_fscore,0.8739,0.8734,0.8726,0.8707,0.8764,0.8736,0.8728,0.8653,0.8673,0.8702,0.8716200000000001
boundary_recall,1.0,1.0,1.0,1.0,0.9999,1.0,1.0,1.0,0.9999,0.9999,0.99997
boundary_precision,0.776,0.7753,0.774,0.771,0.7801,0.7756,0.7743,0.7626,0.7657,0.7702,0.77248
