,0,1,2,3,4,5,6,7,8,9,mean
type_fscore,0.1007,0.1008,0.1036,0.103,0.1016,0.1034,0.1022,0.1036,0.1024,0.09892,0.10202200000000002
type_recall,0.3222,0.3156,0.3428,0.3403,0.3455,0.3404,0.3191,0.3001,0.2966,0.2975,0.32201
type_precision,0.05969,0.05995,0.06102,0.06069,0.05957,0.06095,0.06086,0.06261,0.0619,0.05932,0.060656
token_fscore,0.096,0.1007,0.101,0.1007,0.09708,0.09593,0.09461,0.09455,0.0934,0.09332,0.096729
token_recall,0.1274,0.1328,0.1334,0.1336,0.1283,0.1271,0.1251,0.1259,0.1244,0.1239,0.12818999999999997
token_precision,0.07704,0.08116,0.0813,0.08086,0.07809,0.07705,0.07606,0.07571,0.07477,0.07485,0.077689
boundary_fscore,0.3473,0.3456,0.3449,0.3422,0.3458,0.345,0.3446,0.3467,0.3435,0.3469,0.34525000000000006
boundary_recall,0.5024,0.4989,0.5006,0.5,0.5002,0.4996,0.4968,0.5033,0.4991,0.501,0.5001900000000001
boundary_precision,0.2653,0.2644,0.2631,0.2601,0.2643,0.2635,0.2638,0.2644,0.2619,0.2653,0.26361
