,0,1,2,3,4,5,6,7,8,9,mean
type_fscore,0.09695,0.09398,0.0971,0.09881,0.09604,0.09453,0.09712,0.09535,0.09514,0.09417,0.095919
type_recall,0.3251,0.319,0.3356,0.3487,0.3444,0.3123,0.3058,0.2987,0.2943,0.2991,0.3183000000000001
type_precision,0.05697,0.05511,0.05676,0.05756,0.0558,0.05569,0.05772,0.05673,0.05674,0.05588,0.056496000000000005
token_fscore,0.09843,0.1002,0.1005,0.1008,0.09486,0.09693,0.09579,0.09422,0.09451,0.09535,0.09715900000000001
token_recall,0.1304,0.1324,0.1329,0.133,0.1257,0.1286,0.1268,0.1254,0.1254,0.1263,0.12869
token_precision,0.07905,0.08061,0.08078,0.0811,0.07617,0.07779,0.07697,0.07546,0.07582,0.07657,0.078032
boundary_fscore,0.3457,0.3474,0.342,0.3441,0.344,0.3456,0.3454,0.3437,0.3464,0.3461,0.34504000000000007
boundary_recall,0.5013,0.5026,0.4975,0.4986,0.4986,0.5012,0.498,0.4988,0.5005,0.4995,0.49966
boundary_precision,0.2638,0.2654,0.2606,0.2627,0.2626,0.2638,0.2643,0.2622,0.2648,0.2647,0.26349
