,0,1,2,3,4,5,6,7,8,9,mean
type_fscore,0.1786,0.1743,0.1831,0.1906,0.1897,0.1884,0.1788,0.1753,0.1688,0.1765,0.18041000000000001
type_recall,0.2761,0.263,0.2735,0.2963,0.2948,0.2879,0.276,0.2568,0.2376,0.2544,0.27164
type_precision,0.1319,0.1303,0.1376,0.1405,0.1399,0.1401,0.1322,0.1331,0.1309,0.1352,0.13516999999999998
token_fscore,0.3512,0.3891,0.4003,0.3661,0.364,0.3729,0.3617,0.3657,0.3641,0.3474,0.36824999999999997
token_recall,0.3904,0.4293,0.4436,0.4079,0.4046,0.4122,0.3975,0.4024,0.4041,0.3881,0.40801
token_precision,0.3192,0.3558,0.3648,0.332,0.3308,0.3405,0.3319,0.3352,0.3313,0.3144,0.33559
boundary_fscore,0.5742,0.5939,0.5886,0.5674,0.5769,0.578,0.5692,0.5761,0.5806,0.5753,0.5780200000000001
boundary_recall,0.661,0.6779,0.6789,0.6593,0.6668,0.6626,0.6461,0.6552,0.6677,0.667,0.6642499999999999
boundary_precision,0.5075,0.5284,0.5194,0.498,0.5084,0.5126,0.5086,0.5141,0.5136,0.5057,0.51163
