,0,1,2,3,4,5,6,7,8,9,mean
type_fscore,0.4086,0.4127,0.4204,0.4292,0.4216,0.4094,0.3995,0.3877,0.3945,0.3985,0.4082100000000001
type_recall,0.5037,0.5003,0.5194,0.5213,0.519,0.5032,0.4776,0.4523,0.4625,0.4718,0.49311000000000005
type_precision,0.3437,0.3511,0.3532,0.3648,0.355,0.3451,0.3433,0.3392,0.3439,0.3449,0.34842000000000006
token_fscore,0.6475,0.6743,0.6604,0.6584,0.6468,0.6625,0.66,0.6649,0.6523,0.6648,0.6591899999999999
token_recall,0.5994,0.6338,0.6134,0.6122,0.5958,0.6166,0.6169,0.6275,0.6118,0.6243,0.6151699999999999
token_precision,0.7039,0.7203,0.7151,0.7121,0.7073,0.7158,0.7096,0.707,0.6986,0.711,0.71007
boundary_fscore,0.8143,0.8278,0.8156,0.814,0.8092,0.8203,0.821,0.8243,0.8173,0.8247,0.81885
boundary_recall,0.7316,0.7585,0.7339,0.7333,0.7207,0.7419,0.7476,0.7611,0.748,0.7565,0.74331
boundary_precision,0.9181,0.911,0.9176,0.9148,0.9226,0.9173,0.9105,0.8989,0.9008,0.9064,0.9117999999999998
