,0,1,2,3,4,5,6,7,8,9,mean
type_fscore,0.1589,0.1657,0.1673,0.1644,0.1619,0.1595,0.1556,0.154,0.1535,0.1591,0.15999
type_recall,0.2507,0.2563,0.2639,0.2615,0.2522,0.2408,0.2363,0.2322,0.2293,0.2417,0.24648999999999996
type_precision,0.1163,0.1225,0.1225,0.1199,0.1192,0.1192,0.116,0.1152,0.1154,0.1186,0.11848
token_fscore,0.376,0.3754,0.3777,0.3702,0.3697,0.3639,0.3604,0.365,0.3716,0.3719,0.37017999999999995
token_recall,0.4164,0.4171,0.4187,0.4097,0.4092,0.404,0.4007,0.4053,0.4123,0.4113,0.41047
token_precision,0.3428,0.3414,0.3441,0.3376,0.3372,0.3311,0.3276,0.3321,0.3381,0.3395,0.33714999999999995
boundary_fscore,0.5822,0.5816,0.5814,0.5747,0.5781,0.5767,0.5784,0.5818,0.5858,0.582,0.5802700000000001
boundary_recall,0.6689,0.6715,0.6697,0.6603,0.6633,0.664,0.6665,0.6691,0.6736,0.6669,0.66738
boundary_precision,0.5154,0.5129,0.5136,0.5088,0.5123,0.5098,0.5109,0.5146,0.5182,0.5163,0.5132800000000001
