,0,1,2,3,4,5,6,7,8,9,mean
type_fscore,0.2015,0.1963,0.2109,0.2221,0.2183,0.2106,0.2115,0.2099,0.2072,0.2035,0.20918
type_recall,0.3005,0.2913,0.3004,0.3263,0.321,0.3068,0.3115,0.2895,0.2797,0.2864,0.30134
type_precision,0.1515,0.148,0.1625,0.1683,0.1654,0.1603,0.1601,0.1647,0.1646,0.1578,0.16032
token_fscore,0.4579,0.4552,0.4875,0.4862,0.463,0.4743,0.4541,0.4473,0.4664,0.4645,0.46563999999999994
token_recall,0.4993,0.4968,0.5336,0.5302,0.5054,0.5166,0.495,0.4916,0.5107,0.5078,0.5086999999999999
token_precision,0.4228,0.42,0.4487,0.449,0.4272,0.4384,0.4195,0.4104,0.4291,0.4279,0.4293
boundary_fscore,0.653,0.6505,0.6649,0.665,0.657,0.6555,0.6476,0.646,0.6587,0.6557,0.6553899999999999
boundary_recall,0.7331,0.7321,0.7542,0.7501,0.7411,0.7368,0.7273,0.7334,0.7442,0.739,0.73913
boundary_precision,0.5886,0.5852,0.5945,0.5973,0.59,0.5904,0.5837,0.5772,0.5908,0.5893,0.5887
