,0,1,2,3,4,5,6,7,8,9,mean
type_fscore,0.1812,0.1836,0.188,0.1894,0.186,0.1844,0.1818,0.1798,0.1789,0.177,0.18301
type_recall,0.2787,0.2809,0.2873,0.2878,0.2772,0.268,0.2657,0.2636,0.2624,0.2633,0.27349
type_precision,0.1342,0.1363,0.1397,0.1411,0.14,0.1406,0.1382,0.1364,0.1358,0.1334,0.13757
token_fscore,0.4663,0.4631,0.4826,0.4656,0.4651,0.4612,0.4574,0.4564,0.4666,0.4654,0.46496999999999994
token_recall,0.5093,0.5051,0.527,0.5086,0.508,0.5039,0.4992,0.4985,0.5082,0.5082,0.5076
token_precision,0.43,0.4275,0.4451,0.4294,0.4289,0.4252,0.4221,0.421,0.4313,0.4292,0.42896999999999996
boundary_fscore,0.6564,0.6513,0.6631,0.6539,0.6544,0.6517,0.6508,0.6522,0.6569,0.6551,0.6545799999999999
boundary_recall,0.7402,0.7338,0.7486,0.738,0.7377,0.7345,0.7319,0.7339,0.7369,0.7383,0.73738
boundary_precision,0.5896,0.5855,0.5951,0.5871,0.5881,0.5857,0.5859,0.5869,0.5925,0.5888,0.58852
