,0,1,2,3,4,5,6,7,8,9,mean
type_fscore,0.08645,0.08579,0.09448,0.09458,0.09322,0.09787,0.09776,0.1017,0.09366,0.08893,0.093444
type_recall,0.1781,0.1746,0.1834,0.1808,0.1813,0.1805,0.1769,0.184,0.1868,0.1775,0.18039
type_precision,0.05707,0.05687,0.06363,0.06404,0.06274,0.06714,0.06754,0.07023,0.0625,0.05932,0.063108
token_fscore,0.3016,0.2992,0.3022,0.307,0.3076,0.3138,0.3104,0.3194,0.2982,0.2945,0.30538999999999994
token_recall,0.3028,0.2993,0.305,0.3114,0.3102,0.3178,0.313,0.3226,0.2946,0.2942,0.30709000000000003
token_precision,0.3005,0.2991,0.2995,0.3029,0.3051,0.3098,0.3077,0.3163,0.3019,0.2948,0.30376
boundary_fscore,0.5173,0.5163,0.5167,0.5262,0.5367,0.5398,0.5381,0.5481,0.523,0.5221,0.52843
boundary_recall,0.5201,0.5166,0.5234,0.5366,0.543,0.5495,0.5444,0.5555,0.5145,0.5213,0.53249
boundary_precision,0.5145,0.5161,0.51,0.5162,0.5306,0.5304,0.532,0.5408,0.5319,0.5229,0.52454
