,0,1,2,3,4,5,6,7,8,9,mean
type_fscore,0.4916,0.4976,0.4996,0.5091,0.5135,0.4873,0.4694,0.4681,0.4632,0.4724,0.48718000000000006
type_recall,0.4095,0.4159,0.4203,0.4312,0.4329,0.4035,0.383,0.3814,0.3779,0.3874,0.4043
type_precision,0.6149,0.6194,0.6158,0.6213,0.631,0.615,0.6061,0.6058,0.5982,0.6052,0.6132700000000001
token_fscore,0.7333,0.7373,0.7385,0.7409,0.735,0.7336,0.7285,0.7138,0.7243,0.7296,0.73148
token_recall,0.8106,0.8138,0.8152,0.8172,0.8121,0.8112,0.8074,0.7954,0.8039,0.808,0.8094800000000001
token_precision,0.6695,0.6739,0.675,0.6776,0.6713,0.6695,0.6636,0.6474,0.6591,0.6651,0.6672
boundary_fscore,0.8725,0.8738,0.8723,0.8738,0.8733,0.8727,0.8711,0.8651,0.8699,0.8721,0.8716600000000001
boundary_recall,1.0,1.0,1.0,1.0,0.9999,1.0,1.0,1.0,0.9999,0.9999,0.99997
boundary_precision,0.7739,0.7758,0.7736,0.7759,0.7752,0.7741,0.7716,0.7624,0.7698,0.7732,0.7725500000000001
