,0,1,2,3,4,5,6,7,8,9,mean
type_fscore,0.2535,0.2652,0.2693,0.2783,0.2843,0.2849,0.2575,0.2672,0.2969,0.2832,0.27403
type_recall,0.3914,0.4063,0.407,0.4222,0.4342,0.4213,0.3832,0.3881,0.4098,0.401,0.4064500000000001
type_precision,0.1875,0.1968,0.2012,0.2075,0.2113,0.2152,0.1939,0.2037,0.2328,0.2189,0.20688
token_fscore,0.7281,0.7403,0.7468,0.7534,0.7654,0.7664,0.7484,0.7235,0.7487,0.7623,0.74833
token_recall,0.6788,0.6904,0.7018,0.704,0.7118,0.7177,0.6972,0.6717,0.7022,0.7181,0.6993699999999999
token_precision,0.7852,0.7978,0.7979,0.8103,0.8278,0.8222,0.8077,0.784,0.8018,0.8124,0.80471
boundary_fscore,0.8464,0.8535,0.8516,0.8559,0.8648,0.8634,0.8549,0.8409,0.8587,0.8664,0.85565
boundary_recall,0.7686,0.7748,0.7787,0.7764,0.7801,0.7872,0.7751,0.7585,0.7859,0.7981,0.7783399999999999
boundary_precision,0.9417,0.95,0.9395,0.9535,0.9701,0.956,0.9532,0.9433,0.9465,0.9475,0.9501299999999999
