,0,1,2,3,4,5,6,7,8,9,mean
type_fscore,0.1846,0.184,0.1951,0.1957,0.1902,0.192,0.1869,0.1893,0.1869,0.1796,0.18843000000000001
type_recall,0.2797,0.2809,0.2911,0.2953,0.289,0.2814,0.2672,0.2699,0.2698,0.2665,0.27908
type_precision,0.1378,0.1369,0.1467,0.1463,0.1418,0.1457,0.1437,0.1457,0.143,0.1354,0.14229999999999998
token_fscore,0.4629,0.4673,0.4772,0.4765,0.4608,0.4618,0.4602,0.4509,0.4672,0.4664,0.4651199999999999
token_recall,0.5067,0.5093,0.5218,0.5214,0.5028,0.5043,0.5019,0.4954,0.5093,0.5076,0.50805
token_precision,0.426,0.4318,0.4396,0.4388,0.4252,0.4258,0.4248,0.4138,0.4315,0.4314,0.42887000000000003
boundary_fscore,0.6525,0.6552,0.6606,0.66,0.6525,0.6515,0.6532,0.6492,0.6578,0.6573,0.65498
boundary_recall,0.7381,0.7371,0.7476,0.747,0.7347,0.7344,0.7342,0.7365,0.7385,0.7365,0.7384600000000001
boundary_precision,0.5846,0.5897,0.5918,0.5911,0.5868,0.5855,0.5883,0.5804,0.593,0.5935,0.5884699999999999
