,0,1,2,3,4,5,6,7,8,9,mean
type_fscore,0.06539,0.06377,0.06625,0.06867,0.0662,0.07023,0.06823,0.06711,0.06579,0.06553,0.066717
type_recall,0.1678,0.1636,0.1664,0.1691,0.1589,0.1666,0.1634,0.165,0.1606,0.1625,0.16439000000000004
type_precision,0.04061,0.0396,0.04136,0.04308,0.04181,0.04449,0.04312,0.04212,0.04137,0.04105,0.041861
token_fscore,0.2617,0.2512,0.253,0.2629,0.2533,0.2462,0.2456,0.2429,0.2396,0.2491,0.25054999999999994
token_recall,0.2511,0.2415,0.2445,0.2544,0.2463,0.2366,0.2367,0.2325,0.2288,0.2379,0.24102999999999994
token_precision,0.2732,0.2617,0.2621,0.2719,0.2607,0.2567,0.2552,0.2542,0.2515,0.2615,0.26087
boundary_fscore,0.458,0.4459,0.4515,0.4609,0.4604,0.4519,0.4516,0.4485,0.4463,0.447,0.45220000000000005
boundary_recall,0.4323,0.4218,0.4302,0.4402,0.4428,0.4275,0.4293,0.4224,0.4187,0.4192,0.42844
boundary_precision,0.4869,0.4729,0.475,0.4836,0.4795,0.4792,0.4763,0.478,0.4778,0.4787,0.47879000000000005
