,0,1,2,3,4,5,6,7,8,9,mean
type_fscore,0.5218,0.5159,0.5229,0.5387,0.5355,0.5349,0.538,0.4977,0.4693,0.494,0.5168699999999999
type_recall,0.4517,0.4454,0.4584,0.475,0.4727,0.4711,0.4711,0.426,0.3975,0.4218,0.44907
type_precision,0.6176,0.6128,0.6087,0.622,0.6176,0.6186,0.6271,0.5985,0.5729,0.5959,0.60917
token_fscore,0.7251,0.7401,0.7382,0.7346,0.7393,0.7492,0.7327,0.714,0.7236,0.7174,0.7314200000000002
token_recall,0.8036,0.8157,0.8149,0.8121,0.8159,0.8238,0.8099,0.7951,0.8042,0.7987,0.8093899999999999
token_precision,0.6605,0.6773,0.6747,0.6706,0.6758,0.6869,0.6688,0.6479,0.6576,0.651,0.6671099999999999
boundary_fscore,0.8719,0.8772,0.8714,0.8701,0.8735,0.8782,0.874,0.8655,0.8678,0.8663,0.87159
boundary_recall,1.0,1.0,1.0,1.0,1.0,0.9999,1.0,1.0,0.9998,0.9999,0.9999600000000001
boundary_precision,0.7729,0.7813,0.7721,0.7701,0.7754,0.7829,0.7762,0.7629,0.7666,0.7642,0.7724599999999999
