,0,1,2,3,4,5,6,7,8,9,mean
type_fscore,0.3974,0.3973,0.3987,0.3961,0.3903,0.3812,0.3753,0.3748,0.3787,0.3845,0.38743
type_recall,0.4916,0.4888,0.4936,0.4902,0.4747,0.454,0.4506,0.4499,0.4522,0.4664,0.47120000000000006
type_precision,0.3335,0.3347,0.3345,0.3323,0.3314,0.3285,0.3216,0.3211,0.3257,0.327,0.32903
token_fscore,0.6469,0.6472,0.6507,0.6502,0.6394,0.6493,0.6458,0.6455,0.6455,0.6515,0.6472000000000001
token_recall,0.5974,0.5988,0.6011,0.6013,0.5911,0.6061,0.6019,0.6015,0.6003,0.6068,0.60063
token_precision,0.7054,0.7042,0.7091,0.7077,0.6962,0.6991,0.6965,0.6964,0.698,0.7033,0.70159
boundary_fscore,0.811,0.81,0.8112,0.8113,0.8065,0.8146,0.8132,0.8136,0.813,0.8151,0.8119499999999998
boundary_recall,0.725,0.7254,0.7246,0.7263,0.7225,0.7402,0.7378,0.7381,0.7352,0.7379,0.7313
boundary_precision,0.9202,0.917,0.9213,0.9187,0.9126,0.9057,0.9058,0.9063,0.9093,0.9103,0.9127199999999999
