,0,1,2,3,4,5,6,7,8,9,mean
type_fscore,0.2249,0.2301,0.2315,0.2381,0.2322,0.2289,0.2292,0.236,0.2321,0.227,0.231
type_recall,0.5977,0.6049,0.6081,0.6152,0.6144,0.5984,0.5835,0.5785,0.5768,0.582,0.59595
type_precision,0.1385,0.142,0.143,0.1476,0.1431,0.1415,0.1426,0.1483,0.1453,0.141,0.14328999999999997
token_fscore,0.3501,0.3558,0.3657,0.3656,0.3472,0.3508,0.3471,0.346,0.3487,0.3423,0.35193
token_recall,0.2812,0.2869,0.2954,0.2958,0.2784,0.2819,0.2787,0.2779,0.2803,0.2744,0.28308999999999995
token_precision,0.4636,0.4683,0.4801,0.4785,0.4612,0.4643,0.4601,0.4585,0.4614,0.4548,0.46507999999999994
boundary_fscore,0.6007,0.5955,0.5969,0.5949,0.5882,0.5945,0.5948,0.593,0.5951,0.5938,0.59474
boundary_recall,0.4391,0.4347,0.4352,0.4343,0.4263,0.4333,0.4343,0.4337,0.4357,0.4341,0.43407
boundary_precision,0.9508,0.9448,0.9498,0.9439,0.9481,0.9467,0.9437,0.9372,0.9385,0.9394,0.9442899999999999
