,0,1,2,3,4,5,6,7,8,9,mean
type_fscore,0.6846,0.7097,0.7117,0.71,0.7148,0.7115,0.7195,0.67,0.6655,0.628,0.69253
type_recall,0.6894,0.7089,0.7087,0.7072,0.7192,0.7153,0.7215,0.6833,0.66,0.6132,0.6926699999999999
type_precision,0.6799,0.7105,0.7147,0.7128,0.7104,0.7079,0.7174,0.6572,0.6712,0.6436,0.69256
token_fscore,0.8179,0.8526,0.8494,0.809,0.8411,0.8491,0.8483,0.8196,0.8325,0.7729,0.8292400000000001
token_recall,0.8363,0.8698,0.8669,0.8323,0.8547,0.8658,0.8574,0.8317,0.8505,0.7957,0.84611
token_precision,0.8003,0.836,0.8327,0.787,0.828,0.8331,0.8395,0.8078,0.8152,0.7515,0.81311
boundary_fscore,0.9121,0.93,0.9242,0.903,0.9219,0.9252,0.925,0.9086,0.9166,0.889,0.9155599999999999
boundary_recall,0.9401,0.9553,0.9507,0.9406,0.9425,0.9508,0.9385,0.9269,0.9439,0.9244,0.94137
boundary_precision,0.8858,0.906,0.8991,0.8682,0.9022,0.9009,0.9118,0.891,0.8909,0.8562,0.8912099999999998
