,0,1,2,3,4,5,6,7,8,9,mean
type_fscore,0.2106,0.232,0.2266,0.2541,0.2402,0.2725,0.2516,0.2348,0.2433,0.2882,0.24539
type_recall,0.3193,0.344,0.3426,0.3581,0.3774,0.393,0.3651,0.3361,0.3387,0.3803,0.35546
type_precision,0.1571,0.175,0.1693,0.1969,0.1762,0.2086,0.1919,0.1804,0.1898,0.232,0.18772
token_fscore,0.6824,0.6672,0.6724,0.7009,0.6838,0.7165,0.7037,0.6815,0.6796,0.7174,0.69054
token_recall,0.6096,0.5989,0.603,0.639,0.6068,0.6481,0.6378,0.6077,0.6089,0.6556,0.62154
token_precision,0.7751,0.753,0.76,0.776,0.7833,0.8009,0.7848,0.7757,0.7691,0.7921,0.7769999999999999
boundary_fscore,0.7998,0.8,0.7931,0.8062,0.8039,0.8214,0.8161,0.8019,0.7999,0.8328,0.80751
boundary_recall,0.6834,0.6896,0.6789,0.703,0.6784,0.7109,0.7113,0.6837,0.6853,0.7356,0.6960099999999999
boundary_precision,0.9642,0.9525,0.9536,0.945,0.9863,0.9726,0.9572,0.9696,0.9605,0.9597,0.96212
