,0,1,2,3,4,5,6,7,8,9,mean
type_fscore,0.1059,0.1097,0.1109,0.1149,0.1153,0.1115,0.111,0.1069,0.1098,0.1082,0.11041000000000001
type_recall,0.3189,0.3218,0.3212,0.3611,0.3731,0.3399,0.3442,0.3063,0.2862,0.2941,0.32667999999999997
type_precision,0.06346,0.0661,0.06701,0.06833,0.06818,0.0667,0.06617,0.06473,0.0679,0.06629,0.06648699999999999
token_fscore,0.09346,0.0979,0.1038,0.1002,0.09735,0.09904,0.09655,0.09079,0.09656,0.09296,0.096861
token_recall,0.1243,0.1286,0.1374,0.1326,0.1287,0.1304,0.1273,0.1208,0.1281,0.1238,0.12819999999999998
token_precision,0.0749,0.07904,0.08344,0.08059,0.07826,0.07983,0.07777,0.07274,0.07751,0.0744,0.077848
boundary_fscore,0.3465,0.3491,0.3432,0.3426,0.3437,0.3446,0.3461,0.3418,0.3479,0.3438,0.34493
boundary_recall,0.5013,0.4992,0.501,0.499,0.4986,0.4964,0.4966,0.4962,0.5027,0.4991,0.49901000000000006
boundary_precision,0.2647,0.2684,0.261,0.2608,0.2622,0.2639,0.2656,0.2607,0.2659,0.2622,0.26354
