,0,1,2,3,4,5,6,7,8,9,mean
type_fscore,0.2189,0.2199,0.2245,0.2397,0.2185,0.2311,0.2216,0.223,0.2328,0.2264,0.22564
type_recall,0.5825,0.5785,0.5767,0.5951,0.6485,0.5971,0.5952,0.6023,0.5677,0.5332,0.58768
type_precision,0.1348,0.1357,0.1394,0.1501,0.1314,0.1433,0.1361,0.1369,0.1464,0.1437,0.13978
token_fscore,0.3964,0.4007,0.4209,0.4325,0.4106,0.4188,0.4204,0.3954,0.4061,0.3962,0.4098
token_recall,0.3464,0.3465,0.3677,0.381,0.3571,0.3659,0.3652,0.345,0.3556,0.3456,0.35760000000000003
token_precision,0.4632,0.475,0.4922,0.5001,0.483,0.4895,0.4952,0.4631,0.4733,0.4642,0.47988
boundary_fscore,0.6019,0.6077,0.6143,0.6053,0.6071,0.6043,0.6169,0.6021,0.6042,0.6021,0.60659
boundary_recall,0.4985,0.4968,0.5059,0.5008,0.4974,0.4966,0.5058,0.4975,0.5008,0.4978,0.49979000000000007
boundary_precision,0.7596,0.7823,0.782,0.765,0.7786,0.7714,0.7905,0.7623,0.7612,0.7615,0.7714399999999999
