,0,1,2,3,4,5,6,7,8,9,mean,variance
dibs,0.008767374033214925,0.009163194200016909,0.0089847601142775,0.008828486659990734,0.009572939967029351,0.009026827904168833,0.008379175158989623,0.00920014817099396,0.008571205512623968,0.00839804709927866,0.008889215882058446,1.2883397822993215e-07
puddle,0.01057934153583863,0.010820015961423377,0.010031264697901762,0.011032639353196632,0.011247571670468819,0.009901404371703197,0.009853971795686391,0.010914775021585322,0.010272638470342205,0.010066072936750735,0.010471969581489706,2.350822564655011e-07
baseline,0.009388329209317902,0.0089153491309342,0.009460872511596115,0.009499915691778129,0.010016145902013841,0.009711775532700454,0.009107479346282556,0.008990698703700577,0.009540453709914508,0.009732165533246835,0.009436318527148511,1.0955177516992023e-07
dpseg,0.009269624630074098,0.009570912609618431,0.009523951885910965,0.009976004009254361,0.009439337546111641,0.009524389751941581,0.009621603585722966,0.009290893440545985,0.010410710687160044,0.009565455455622398,0.009619288360196246,1.0394239411103775e-07
tp/absoluteforward,0.008810864119318826,0.008540793234618975,0.008523172512438944,0.008796700853327606,0.009532119250486254,0.008979831324541825,0.008391908439886011,0.008853828886090875,0.008736169554882593,0.009029135762663823,0.008819452393825573,9.345182583790406e-08
tp/absolutebackward,0.00989597192025364,0.009860505001804774,0.009675304762422204,0.009984058324297865,0.010270039415923526,0.009755631239701065,0.010020651276725981,0.00999307873583371,0.010365459768256566,0.010090944251977086,0.009991164469719642,4.101246197459881e-08
tp/relativeforward,0.009877765545272145,0.00970945609764634,0.010415333574804325,0.010507492002078069,0.010924362138977375,0.010102996614614407,0.009942440839443897,0.010589941758223205,0.010565268577594501,0.010620044413352982,0.010325510156200726,1.3902201547544734e-07
tp/relativebackward,0.012145829382062627,0.01190816286915705,0.012111958654448841,0.01223890136007256,0.01209553179418888,0.011490634455612781,0.011505826549144544,0.012605436336136897,0.012525394210809455,0.011564024867091937,0.012019170047872558,1.4410874914917722e-07
gold,0.007808525038210752,0.0077011327549887315,0.008026552420069768,0.00821539443624855,0.008339451842520218,0.00811227559924772,0.007688451025043181,0.008317908365450391,0.0081143617440742,0.007897589755491525,0.008022164298134505,5.176998470780283e-08
