,0,1,2,3,4,5,6,7,8,9,mean,variance
dibs,0.033262972684870884,0.060910539412800495,0.021992965879517233,0.011907109668190943,0.01086697517131217,0.004168900219164937,0.02719233039716676,0.046073975737786176,0.04979851987054409,0.05059008426889131,0.0316764373310245,0.00034449763111140546
puddle,0.054077076807199295,0.033828314088206426,0.02664069211718546,0.013633948658417244,0.049090856858350976,0.021754745070470254,0.0296366657677755,0.0253264326465157,0.029145858415760333,0.020086916903032756,0.0303221507332914,0.00014258744536991413
baseline,0.011052663386598252,0.003510027639531709,0.017537378152396022,0.0011893144075146131,0.0008748051579044392,0.0009693248777772302,0.0034988740816814263,0.0028576392729364507,0.0001032776425944318,0.006273802436586426,0.004786710705552101,2.7581412952275693e-05
dpseg,0.05020689943445327,0.040465273453289194,0.018985513790141413,0.02100849240701628,0.031032600709073883,0.06521357795917211,0.016743425952913518,0.03237152091861708,0.023700737402399075,0.0236065684250363,0.032333461045211204,0.0002168536324394568
tp/absoluteforward,0.10028091643522696,0.0687054479569185,0.027712977223911375,0.034474124906801226,0.023904498201565403,0.007313366855019184,0.030101817703589814,0.05638888727857843,0.04156693006866195,0.019545262533053963,0.04099942291633269,0.0006744211749449669
tp/absolutebackward,0.034355233280975374,0.020467943420186596,0.009437678707733103,5.62716277777417e-08,0.00261510398654416,0.02358794287854336,0.002807752550179735,0.025548867669627096,0.002253597974587604,0.01783683093603962,0.013891100767604442,0.00013057509090353022
tp/relativeforward,0.04239550869802501,0.016741699286012844,0.011800200022374191,0.012362768707235045,0.019384973018245055,0.019846920759608932,0.0021630820015439397,0.02169579468045871,0.0042527595388388946,0.004282591154380801,0.015492629786672341,0.00012510210701644308
tp/relativebackward,0.009569267720798266,0.002145092752855815,0.000953311588688076,0.0041273405620492155,0.0007587347358352344,0.0013327879713230717,0.00045629896641104055,0.00042999830561048615,1.062760607499743e-07,2.8829334276904413e-06,0.001977582181305965,7.775285568078315e-06
gold,0.09347089773808896,0.08115763315375674,0.04584979509197041,0.04599117454259294,0.046163786321800626,0.04514709268619663,0.05837727007088592,0.03893257783839776,0.04900662303566407,0.04716157806119105,0.05512584285405451,0.00028710464554022804
