,0,1,2,3,4,5,6,7,8,9,mean,variance
dibs,0.012249699864302964,0.011319527277733409,0.012412124059447607,0.013740822475861517,0.012417653091493624,0.0144426412949482,0.014771921708920737,0.01321317769388104,0.010381930609033946,0.01115734974299725,0.01261068478186203,1.862083194038832e-06
puddle,0.009139623800230038,0.008473168195324805,0.008450494605004154,0.009302192333204225,0.009591209306161285,0.009234706849288668,0.008082127902990838,0.008800793392265796,0.008242979869156213,0.00844620679275399,0.008776350304638001,2.3566856817520592e-07
baseline,0.01144988460314159,0.011468121820647907,0.010817080532543093,0.012370378464431137,0.010842732106450792,0.011438485162763043,0.011702851321311882,0.01152086169874365,0.011825250056045018,0.012100727976523819,0.011553637374260193,2.1427264913819697e-07
dpseg,0.009649259825623745,0.009855700038257613,0.010298475323475038,0.011072264327689544,0.009759224180486201,0.009735092001024034,0.009818554365466107,0.00935029927522777,0.01110999728953197,0.00997618690815363,0.010062505353493564,3.159454103242385e-07
tp/absoluteforward,0.013010226321953464,0.014832073450692498,0.015367913079197968,0.015814024411683177,0.01728188758027129,0.01641931962651411,0.0149620134639172,0.013488290907735276,0.013959302253218718,0.014102887242270941,0.014923793833745463,1.6123370182717886e-06
tp/absolutebackward,0.01542459624065065,0.015449942017118617,0.014338788600108248,0.016685020018048297,0.015677786741339846,0.015477717465621932,0.014749419484617152,0.014399944258600413,0.01591010546660959,0.015392431856603044,0.01535057521493178,4.522954003271141e-07
tp/relativeforward,0.00898846622079306,0.009346140184359314,0.009280657015965397,0.00925743145917192,0.009328296113380775,0.010090918759470754,0.009470857260564337,0.009258825014675542,0.009599909425911907,0.009127020551907476,0.009374852200620048,8.224482147550632e-08
tp/relativebackward,0.009980352323522946,0.009766586520709684,0.009963318884586233,0.010346310213248016,0.009863835718056145,0.010757682579997015,0.009297075254933966,0.010547540785689197,0.010062827427303548,0.010295368288508704,0.010088089799655546,1.576263447905354e-07
gold,0.007808525038210752,0.0077011327549887315,0.008026552420069768,0.00821539443624855,0.008339451842520218,0.00811227559924772,0.007688451025043181,0.008317908365450391,0.0081143617440742,0.007897589755491525,0.008022164298134505,5.176998470780283e-08
