,0,1,2,3,4,5,6,7,8,9,mean
type_fscore,0.1305,0.1181,0.1315,0.134,0.1218,0.1335,0.1319,0.1288,0.1486,0.1387,0.13174000000000002
type_recall,0.1994,0.1931,0.2032,0.1885,0.1991,0.1963,0.2011,0.193,0.2127,0.1955,0.19819
type_precision,0.09697,0.08508,0.09719,0.1039,0.08776,0.1011,0.09814,0.09667,0.1142,0.1075,0.098851
token_fscore,0.3191,0.2845,0.3054,0.3444,0.2919,0.2984,0.327,0.2983,0.3424,0.2973,0.31087000000000004
token_recall,0.3291,0.2882,0.3141,0.3572,0.2972,0.3092,0.3357,0.3094,0.3485,0.3059,0.31944999999999996
token_precision,0.3096,0.2809,0.2972,0.3325,0.2867,0.2883,0.3188,0.2879,0.3366,0.2891,0.30276000000000003
boundary_fscore,0.5517,0.5174,0.534,0.5494,0.5185,0.5296,0.5594,0.5349,0.5637,0.5418,0.5400400000000001
boundary_recall,0.5754,0.5264,0.5551,0.579,0.5315,0.5566,0.5797,0.5621,0.5774,0.5631,0.56063
boundary_precision,0.5299,0.5086,0.5144,0.5226,0.506,0.5051,0.5406,0.5101,0.5506,0.5221,0.521
