,0,1,2,3,4,5,6,7,8,9,mean
type_fscore,0.1556,0.1807,0.1684,0.1536,0.1614,0.133,0.1536,0.1642,0.1747,0.1754,0.16205999999999998
type_recall,0.176,0.237,0.2029,0.1857,0.1917,0.1288,0.1441,0.1869,0.2188,0.2256,0.18975
type_precision,0.1394,0.146,0.1439,0.131,0.1394,0.1374,0.1643,0.1464,0.1454,0.1435,0.14367
token_fscore,0.4735,0.5038,0.4995,0.4208,0.4333,0.4059,0.4419,0.4645,0.4883,0.4659,0.45974000000000004
token_recall,0.5515,0.5588,0.564,0.4967,0.5073,0.4994,0.5348,0.5358,0.5544,0.5226,0.5325300000000001
token_precision,0.4148,0.4586,0.4483,0.365,0.3782,0.3419,0.3764,0.4099,0.4362,0.4203,0.4049599999999999
boundary_fscore,0.6749,0.7024,0.6937,0.6405,0.6578,0.6379,0.6591,0.68,0.6928,0.6883,0.6727399999999999
boundary_recall,0.829,0.8092,0.8199,0.8025,0.8129,0.8404,0.8483,0.8224,0.8204,0.8026,0.8207599999999999
boundary_precision,0.569,0.6206,0.6012,0.5329,0.5524,0.514,0.5388,0.5797,0.5995,0.6025,0.57106
