,0,1,2,3,4,5,6,7,8,9,mean
type_fscore,0.2365,0.241,0.2401,0.2513,0.2538,0.2466,0.2379,0.2479,0.2483,0.2432,0.24466000000000002
type_recall,0.5855,0.594,0.5869,0.6106,0.6125,0.6001,0.5817,0.5731,0.5626,0.5673,0.58743
type_precision,0.1482,0.1512,0.151,0.1582,0.16,0.1552,0.1495,0.1582,0.1593,0.1548,0.15456
token_fscore,0.34,0.3412,0.364,0.3675,0.3483,0.3437,0.3426,0.345,0.3379,0.343,0.34731999999999996
token_recall,0.2725,0.2733,0.2944,0.2972,0.2798,0.2758,0.2742,0.2772,0.2707,0.275,0.27901000000000004
token_precision,0.4518,0.4539,0.4767,0.4815,0.4611,0.4558,0.4564,0.4568,0.4497,0.4558,0.45994999999999997
boundary_fscore,0.5961,0.5918,0.5916,0.5935,0.5857,0.5856,0.5917,0.5934,0.5835,0.5923,0.5905199999999999
boundary_recall,0.4357,0.4305,0.4309,0.4327,0.4247,0.4249,0.4303,0.4338,0.4249,0.4325,0.43009000000000003
boundary_precision,0.9436,0.9465,0.9436,0.9445,0.9432,0.9417,0.9468,0.9387,0.9308,0.9389,0.9418300000000001
