,0,1,2,3,4,5,6,7,8,9,mean
type_fscore,0.4052,0.4062,0.4085,0.4023,0.4073,0.4076,0.3933,0.3882,0.405,0.4136,0.40371999999999997
type_recall,0.6204,0.6154,0.6281,0.6429,0.6466,0.6296,0.6079,0.5802,0.588,0.6016,0.61607
type_precision,0.3008,0.3032,0.3027,0.2927,0.2973,0.3013,0.2907,0.2917,0.3089,0.3151,0.30044000000000004
token_fscore,0.6042,0.6125,0.607,0.5815,0.5867,0.5898,0.5742,0.5702,0.5729,0.5872,0.5886199999999999
token_recall,0.5238,0.5314,0.5255,0.496,0.4997,0.5023,0.4854,0.4817,0.4884,0.5085,0.50427
token_precision,0.7137,0.7229,0.7183,0.7027,0.7104,0.7142,0.7027,0.6984,0.6929,0.6946,0.70708
boundary_fscore,0.7419,0.7431,0.7257,0.7021,0.7074,0.7079,0.6959,0.6933,0.7067,0.7266,0.7150599999999999
boundary_recall,0.6081,0.6083,0.5873,0.5559,0.5608,0.5619,0.5489,0.5461,0.5643,0.5943,0.57359
boundary_precision,0.9512,0.9548,0.9494,0.9526,0.9578,0.9563,0.9506,0.9491,0.9451,0.9347,0.95016
