,0,1,2,3,4,5,6,7,8,9,mean
type_fscore,0.2931,0.3019,0.2977,0.299,0.3018,0.3163,0.3046,0.3061,0.3097,0.3068,0.30369999999999997
type_recall,0.4537,0.4651,0.4583,0.4536,0.4572,0.4596,0.4487,0.4503,0.4559,0.4565,0.45589
type_precision,0.2165,0.2235,0.2204,0.223,0.2253,0.2411,0.2306,0.2318,0.2345,0.231,0.22776999999999997
token_fscore,0.7875,0.7938,0.7923,0.806,0.8046,0.8013,0.7822,0.7896,0.7988,0.8013,0.7957400000000001
token_recall,0.7646,0.7695,0.768,0.78,0.7738,0.778,0.7601,0.7661,0.7754,0.7797,0.77152
token_precision,0.8119,0.8197,0.8182,0.8338,0.8381,0.8259,0.8056,0.8146,0.8237,0.8242,0.82157
boundary_fscore,0.8879,0.89,0.8878,0.8952,0.8942,0.894,0.8853,0.8897,0.8943,0.8953,0.89137
boundary_recall,0.852,0.8519,0.8497,0.855,0.8469,0.8584,0.8511,0.8537,0.8584,0.862,0.85391
boundary_precision,0.927,0.9316,0.9296,0.9394,0.9471,0.9327,0.9223,0.9288,0.9333,0.9313,0.93231
