,0,1,2,3,4,5,6,7,8,9,mean
type_fscore,0.2992,0.3039,0.3094,0.3133,0.3098,0.3018,0.2967,0.2983,0.2999,0.2971,0.30294000000000004
type_recall,0.4113,0.4095,0.4276,0.4311,0.4306,0.4125,0.3895,0.3807,0.3848,0.3916,0.40692000000000006
type_precision,0.2352,0.2417,0.2424,0.2461,0.242,0.2379,0.2396,0.2452,0.2457,0.2393,0.24151000000000003
token_fscore,0.5965,0.6135,0.6077,0.6034,0.5893,0.5903,0.5956,0.5966,0.5992,0.5989,0.5991
token_recall,0.5415,0.5603,0.5518,0.547,0.5312,0.536,0.5446,0.549,0.5509,0.5487,0.5461
token_precision,0.6638,0.6778,0.6763,0.6728,0.6617,0.657,0.6572,0.6532,0.6568,0.659,0.6635600000000001
boundary_fscore,0.7821,0.7883,0.7779,0.7744,0.7695,0.7738,0.7796,0.7814,0.7848,0.7859,0.77977
boundary_recall,0.6835,0.6931,0.677,0.6721,0.6641,0.6754,0.6882,0.6963,0.6985,0.6967,0.68449
boundary_precision,0.9139,0.9138,0.914,0.9136,0.9148,0.9056,0.8991,0.8901,0.8954,0.9012,0.9061499999999999
