,0,1,2,3,4,5,6,7,8,9,mean
type_fscore,0.1049,0.1045,0.1162,0.103,0.1143,0.1121,0.1086,0.1194,0.1188,0.1196,0.11213999999999999
type_recall,0.1944,0.194,0.1971,0.1811,0.1964,0.1843,0.1775,0.1905,0.1859,0.1966,0.18977999999999998
type_precision,0.07183,0.0715,0.08236,0.07201,0.08063,0.08059,0.07828,0.0869,0.08727,0.08597,0.079734
token_fscore,0.2998,0.2922,0.3249,0.3057,0.2996,0.3072,0.3342,0.3241,0.3031,0.3076,0.30984
token_recall,0.3017,0.2926,0.331,0.3087,0.3048,0.316,0.3445,0.3299,0.3076,0.3131,0.31499
token_precision,0.298,0.2918,0.3189,0.3027,0.2944,0.2988,0.3246,0.3186,0.2988,0.3024,0.3049
boundary_fscore,0.5293,0.5164,0.5356,0.5225,0.5282,0.5387,0.5588,0.5448,0.5342,0.5396,0.53481
boundary_recall,0.5337,0.5174,0.55,0.5298,0.5412,0.5602,0.5822,0.558,0.5449,0.5527,0.54701
boundary_precision,0.525,0.5155,0.5219,0.5154,0.5158,0.5188,0.5373,0.5321,0.5239,0.5272,0.52329
