,0,1,2,3,4,5,6,7,8,9,mean
type_fscore,0.2745,0.2738,0.2722,0.2711,0.2675,0.2799,0.2778,0.2782,0.2828,0.2805,0.27583
type_recall,0.4347,0.4404,0.44,0.4442,0.4263,0.4169,0.4089,0.4087,0.4081,0.4113,0.42395000000000005
type_precision,0.2006,0.1986,0.1971,0.195,0.1949,0.2106,0.2104,0.2109,0.2163,0.2128,0.20472
token_fscore,0.4356,0.4317,0.4319,0.4363,0.4347,0.4278,0.4258,0.4241,0.422,0.4337,0.43036
token_recall,0.4185,0.4129,0.4112,0.4097,0.4084,0.4087,0.41,0.4099,0.4123,0.4233,0.41249
token_precision,0.4542,0.4523,0.4547,0.4667,0.4647,0.4487,0.4428,0.4392,0.4322,0.4446,0.4500100000000001
boundary_fscore,0.6448,0.636,0.6334,0.6286,0.6301,0.6322,0.6379,0.6398,0.6446,0.6493,0.6376700000000001
boundary_recall,0.6096,0.5973,0.591,0.5751,0.5774,0.5934,0.6056,0.6108,0.6243,0.6278,0.6012299999999999
boundary_precision,0.6843,0.6801,0.6825,0.6931,0.6934,0.6764,0.6738,0.6717,0.6663,0.6723,0.6793899999999999
