,0,1,2,3,4,5,6,7,8,9,mean
type_fscore,0.4432,0.4475,0.4524,0.462,0.473,0.4646,0.4429,0.4364,0.4258,0.4195,0.44672999999999996
type_recall,0.5355,0.5309,0.5428,0.5408,0.5798,0.5497,0.5327,0.5218,0.4955,0.4741,0.5303599999999999
type_precision,0.378,0.3867,0.3878,0.4032,0.3995,0.4023,0.3789,0.375,0.3732,0.3762,0.3860799999999999
token_fscore,0.6501,0.6847,0.6846,0.7064,0.6414,0.6728,0.6818,0.6646,0.6861,0.6784,0.67509
token_recall,0.603,0.648,0.6406,0.6717,0.5881,0.6316,0.6364,0.6214,0.6516,0.6427,0.6335099999999999
token_precision,0.7052,0.7258,0.7352,0.7449,0.7053,0.7198,0.7341,0.7143,0.7244,0.7184,0.7227399999999999
boundary_fscore,0.8154,0.8392,0.8337,0.8392,0.8066,0.8258,0.8329,0.8224,0.8349,0.8293,0.8279400000000001
boundary_recall,0.7349,0.7786,0.7588,0.7794,0.7137,0.7544,0.7568,0.7496,0.7772,0.7701,0.75735
boundary_precision,0.9158,0.9102,0.9249,0.9089,0.9272,0.9121,0.9259,0.9109,0.9018,0.8984,0.9136099999999999
