,0,1,2,3,4,5,6,7,8,9,mean
type_fscore,0.464,0.4898,0.4842,0.4883,0.4769,0.5005,0.471,0.5017,0.476,0.4722,0.48245999999999994
type_recall,0.5753,0.5812,0.5847,0.5814,0.5921,0.6028,0.5833,0.6086,0.5545,0.5328,0.57967
type_precision,0.3889,0.4232,0.4132,0.4209,0.3992,0.4279,0.3949,0.4267,0.417,0.424,0.41358999999999996
token_fscore,0.7114,0.7222,0.7594,0.7684,0.7476,0.743,0.7527,0.7443,0.7647,0.7165,0.7430200000000001
token_recall,0.7105,0.73,0.7597,0.7698,0.7339,0.7408,0.7532,0.7407,0.7646,0.7301,0.74333
token_precision,0.7123,0.7145,0.7591,0.767,0.7619,0.7452,0.7521,0.7479,0.7648,0.7034,0.7428199999999999
boundary_fscore,0.8267,0.833,0.8512,0.8494,0.8413,0.8346,0.8462,0.8462,0.8556,0.8278,0.8412
boundary_recall,0.8253,0.8452,0.8517,0.8516,0.8198,0.8311,0.8471,0.8407,0.8554,0.8491,0.8417000000000001
boundary_precision,0.8282,0.8211,0.8507,0.8472,0.8638,0.8381,0.8454,0.8519,0.8558,0.8076,0.8409800000000001
