,0,1,2,3,4,5,6,7,8,9,mean
type_fscore,0.4877,0.496,0.5017,0.516,0.5016,0.5111,0.4806,0.4695,0.4627,0.4721,0.4899
type_recall,0.5436,0.546,0.5647,0.5784,0.5735,0.5664,0.5379,0.5081,0.5056,0.5164,0.5440600000000001
type_precision,0.4422,0.4544,0.4513,0.4657,0.4457,0.4656,0.4343,0.4364,0.4265,0.4348,0.44569000000000003
token_fscore,0.7236,0.7259,0.7348,0.7452,0.7508,0.7375,0.7275,0.7125,0.7089,0.6977,0.72644
token_recall,0.7548,0.7594,0.7664,0.7732,0.7747,0.7662,0.7548,0.7422,0.7399,0.73,0.75616
token_precision,0.695,0.6953,0.7058,0.7192,0.7282,0.7109,0.7021,0.6851,0.6804,0.6681,0.6990099999999999
boundary_fscore,0.8334,0.8317,0.8366,0.8387,0.8452,0.8395,0.8364,0.8253,0.8239,0.8179,0.8328600000000002
boundary_recall,0.8825,0.8851,0.8872,0.8832,0.8826,0.8845,0.8794,0.8722,0.8731,0.8693,0.87991
boundary_precision,0.7895,0.7844,0.7915,0.7984,0.8108,0.7988,0.7974,0.7831,0.78,0.7722,0.79061
