,0,1,2,3,4,5,6,7,8,9,mean
type_fscore,0.1882,0.1911,0.1937,0.1928,0.1909,0.1929,0.191,0.1936,0.199,0.1929,0.19261
type_recall,0.5977,0.5868,0.5833,0.6118,0.6253,0.6071,0.6072,0.5759,0.5522,0.5556,0.59029
type_precision,0.1117,0.1141,0.1162,0.1144,0.1126,0.1147,0.1133,0.1163,0.1214,0.1167,0.11513999999999999
token_fscore,0.399,0.4119,0.4219,0.4214,0.4156,0.4203,0.4059,0.3993,0.3978,0.3974,0.40905
token_recall,0.347,0.3579,0.3693,0.369,0.3631,0.3657,0.3534,0.349,0.347,0.3472,0.35686000000000007
token_precision,0.4692,0.485,0.4922,0.4911,0.4858,0.4941,0.4768,0.4664,0.466,0.4645,0.47911000000000004
boundary_fscore,0.6067,0.6122,0.6043,0.6049,0.6071,0.6104,0.6076,0.6041,0.6021,0.6041,0.60635
boundary_recall,0.4996,0.5022,0.4971,0.4985,0.4999,0.5002,0.5001,0.5,0.4972,0.5004,0.4995200000000001
boundary_precision,0.7723,0.7838,0.7705,0.769,0.7727,0.7829,0.7738,0.7627,0.7631,0.762,0.77128
