,0,1,2,3,4,5,6,7,8,9,mean
type_fscore,0.09186,0.09304,0.09323,0.09077,0.09467,0.09286,0.09521,0.09064,0.0895,0.09277,0.09245500000000001
type_recall,0.3286,0.3307,0.3388,0.3327,0.3386,0.3056,0.3159,0.3001,0.2922,0.3053,0.31885
type_precision,0.0534,0.05414,0.05405,0.05255,0.05503,0.05475,0.05605,0.05338,0.05284,0.05469,0.054088000000000004
token_fscore,0.09792,0.1002,0.09997,0.09826,0.09615,0.09672,0.09491,0.09419,0.09498,0.09803,0.09713299999999998
token_recall,0.1296,0.1324,0.1318,0.13,0.1272,0.1282,0.126,0.1251,0.1258,0.1299,0.1286
token_precision,0.07869,0.08057,0.08052,0.07898,0.07727,0.07765,0.07612,0.07554,0.07627,0.0787,0.078031
boundary_fscore,0.3442,0.3465,0.3444,0.3448,0.3434,0.3448,0.346,0.3455,0.3457,0.346,0.34513
boundary_recall,0.4985,0.5019,0.4982,0.5001,0.4967,0.4989,0.5009,0.4996,0.4992,0.5013,0.4995299999999999
boundary_precision,0.2628,0.2645,0.2632,0.2632,0.2625,0.2634,0.2643,0.264,0.2644,0.2642,0.26365
