,0,1,2,3,4,5,6,7,8,9,mean,variance
dibs,0.08240851687812528,0.06439095318814954,0.06575798296998389,0.06911408797832416,0.07110647905399213,0.07615367538145501,0.07546598832859593,0.07447049326294568,0.09272235275862345,0.08459083820972561,0.07561813680099205,7.067298642680824e-05
puddle,0.05071981983328659,0.03259774358025968,0.024420121646718973,0.04407496183325282,0.032073013619274914,0.023321122839146113,0.022844025094305696,0.02186700202346955,0.03253070983585551,0.039465927372823076,0.03239144476783929,8.703754097348221e-05
baseline,0.053966148069566254,0.05298345790819695,0.055509700984093135,0.053348613393581684,0.04758205309216898,0.05858569628767424,0.051101972048400605,0.058810819184667566,0.07890425450498692,0.07472130699992739,0.05855140224732638,9.39941037605064e-05
dpseg,0.11594237799494515,0.08828749668196535,0.07689228541241402,0.0986257136949695,0.0964551924671776,0.0877522532915514,0.12300337509417042,0.08999813446209048,0.10322555239595489,0.10879845076405188,0.09889808322592908,0.00017946375445955086
tp/absoluteforward,0.12248007578629772,0.09811591943953359,0.1002788064210824,0.11290900081187046,0.10544112894898243,0.09402822744812946,0.11330401332924499,0.09912548973973505,0.10617609511918275,0.10314463814682376,0.10550033951908824,6.641486441513027e-05
tp/absolutebackward,0.05812385344531151,0.03546075773791433,0.028528615476314013,0.04228122033981517,0.05455132898874326,0.033877329565224885,0.03926410245464909,0.04654236510100664,0.05331653420689518,0.06044060608990755,0.045238671340578164,0.00010991594545139408
tp/relativeforward,0.1948052455196764,0.16741307906893413,0.16925643324773942,0.1385039901369481,0.16545580510061125,0.12601293786697612,0.1332906200775163,0.1353859019551124,0.18459733956407054,0.18171567490943696,0.1596437027447022,0.0005393580026667512
tp/relativebackward,0.04972227380581146,0.023710156348092114,0.02879833015399537,0.04510172308057211,0.033506470989770186,0.029922149377054452,0.01947079693470894,0.031623870935696644,0.04336250535772144,0.059205353814176305,0.036442363079759905,0.00014003075615172733
gold,0.12495323683782242,0.10225429685228822,0.09829064632238563,0.10865249676182112,0.111730589462969,0.10424631754881869,0.10903803083736316,0.0968305662691054,0.11139819328057524,0.11579758930914134,0.10831919634822902,6.402950858947543e-05
