,0,1,2,3,4,5,6,7,8,9,mean
dibs,0.011531260912794404,0.009778581463328256,0.01158721699395125,0.012225732062379946,0.011061959834994584,0.01358227116789885,0.014167368141298866,0.01144834084998166,0.010089920614927528,0.009806340243480136,0.011527899228503547
puddle,0.0072849016169739805,0.007281076877124983,0.008119347901462482,0.007550711186808276,0.0075209758166773855,0.007414924882265082,0.007340671477555005,0.007208684528392336,0.007022898892155692,0.0074803938586242074,0.007422458703803943
baseline,0.010300611096262463,0.010047605954013673,0.009986132877342764,0.009606955722863617,0.009669862059648305,0.009983009180376772,0.009215496308523755,0.009278698864560064,0.010271329047602208,0.009719254668076717,0.009807895577927033
dpseg,0.00797160282749427,0.008290838282445503,0.008296709280744836,0.00819905081524127,0.008315576779098041,0.008334215422523475,0.008224620174853444,0.008456585071754607,0.00841314785357585,0.007933124960820036,0.008243547146855133
tp/absoluteforward,0.012322658602860682,0.013211503487235007,0.012812943217896954,0.013376243094763457,0.01326667284389156,0.012378566712786435,0.011791272925662972,0.012336509546328273,0.01190147315964904,0.0111729388920953,0.012457078248316966
tp/absolutebackward,0.01469237597065474,0.013183438202833945,0.012686799955405855,0.013176133880417471,0.012217734743893864,0.012004845332218997,0.013132643274335193,0.012604044950464958,0.013846371627782059,0.01268928772473149,0.013023367566273859
tp/relativeforward,0.007442985622744477,0.007411560564686373,0.007514101362816867,0.007655675867643834,0.0074770153355027515,0.007562430874272165,0.007518358574471405,0.007480831406806252,0.007379666296310841,0.007289427032642038,0.007473205293789702
tp/relativebackward,0.007787245114489789,0.008014410645954378,0.00852562448613455,0.008106888420169354,0.007922603202282169,0.008514481921722864,0.007929257544356721,0.008060105359731399,0.007739254211874683,0.008116268707347978,0.008071613961406389
gold,0.007808525038210752,0.0077011327549887315,0.008026552420069768,0.00821539443624855,0.008339451842520218,0.00811227559924772,0.007688451025043181,0.008317908365450391,0.0081143617440742,0.007897589755491525,0.008022164298134505
