,0,1,2,3,4,5,6,7,8,9,mean
dibs,0.027516719471827537,0.07356287434735839,0.051322147672686114,0.053842680795039,0.06093477787483266,0.009765944789592099,0.057991925468699544,0.06766380058179274,0.04012276763697366,0.056080697077269814,0.049880433571607145
puddle,0.058810626988410684,0.06699267544162478,0.037593275734543186,0.070534494630735,0.08031430784617906,0.05523902792341649,0.05126972235793589,0.05329613374569053,0.08185093927663417,0.06520979483689297,0.062111099878206275
baseline,0.0105576865293145,0.001733603527478626,0.009279847204572554,0.015829272434538615,0.008619972196078388,0.005862661952819999,0.01973742460316591,0.0077464325452555344,0.006760844634337881,0.01367832361459377,0.009980606924215579
dpseg,0.08399999709098523,0.070027900875763,0.06279331070170599,0.07977139803465824,0.08775942191212949,0.06370627557826895,0.080024959205249,0.060037992776750794,0.06829103822856435,0.09635530059681123,0.07527675950008862
tp/absoluteforward,0.0973202982281646,0.05971918309646683,0.06438358563595806,0.03337229943085879,0.034101073845684574,0.040207445858891716,0.09503080242468824,0.06070360706641351,0.07560870432300996,0.12401909424013623,0.06844660941502725
tp/absolutebackward,0.04191565384195976,0.039300182376866756,0.020443052132413368,0.006753140545079849,0.018247658709994598,0.055070455636228775,0.03216027386422966,0.02544169805310458,0.03309926507369238,0.057747204965695825,0.03301785851992656
tp/relativeforward,0.019321578674810543,0.01637506890751408,0.017916549835465752,0.02705061755348665,0.039553860073055516,0.03569964974876089,0.025703792931702895,0.02415012666468706,0.03465616697869983,0.034071767641116885,0.02744991790093001
tp/relativebackward,0.01307288529636146,0.003925111354073369,0.0001340900004442641,0.0037208715401614045,0.009781916854401787,0.0065244939234719345,0.015377119629424868,0.008995956358575839,0.0159824879778197,0.006862641993057804,0.008437757492779243
gold,0.09347089773808896,0.08115763315375674,0.04584979509197041,0.04599117454259294,0.046163786321800626,0.04514709268619663,0.05837727007088592,0.03893257783839776,0.04900662303566407,0.04716157806119105,0.05512584285405451
