,0,1,2,3,4,5,6,7,8,9,mean,variance
dibs,0.008242209610598312,0.007988666551521771,0.008489111471788349,0.008198513543884225,0.007851805044603933,0.008030337564164556,0.00779175214995649,0.007547341093267545,0.007657346186131641,0.008099119728186199,0.007989620294410301,7.347399407502297e-08
puddle,0.007624171893515254,0.008032521314455357,0.007824837031055343,0.007615041401668306,0.0075201717856157565,0.008268374147312171,0.008077011983934058,0.00807063438572654,0.007679315359966101,0.007810621730521759,0.007852270103377065,5.548209937599675e-08
baseline,0.007994607176970293,0.007900777874003234,0.007965577286641537,0.008290908935848277,0.008115759504755888,0.008065599565209879,0.008278028615221197,0.00798037985897813,0.008141266043561244,0.007910286367952615,0.008064319122914231,1.777106068054952e-08
dpseg,0.007437944781371012,0.007668982257219753,0.00825311651688811,0.007659241495040281,0.007466038113026301,0.007325999534891959,0.007475766484486311,0.007477616578863676,0.0074337368557084275,0.007467402765128991,0.007566584538262482,6.185844242634256e-08
tp/absoluteforward,0.007270979925319706,0.007132619518134824,0.00761159047795616,0.007584918634895208,0.007517219672330807,0.007690027202133569,0.007388749050082699,0.007128656306763658,0.007354791778724988,0.007622415273442465,0.00743019678397841,3.811080264430839e-08
tp/absolutebackward,0.007975771848116901,0.008011798733159235,0.008150191104922115,0.007967187806678428,0.007428337725870369,0.007775353891502833,0.007938535603680987,0.007750976351393966,0.007652158397066295,0.007665443631292843,0.007831575509368397,4.166681549108961e-08
tp/relativeforward,0.007895095097860213,0.008414126120332004,0.00841938153714184,0.00846756974359062,0.008062743295449584,0.008725558025351809,0.008632307117880862,0.008588321399681848,0.008489905760648586,0.008684240930666531,0.00843792490286039,6.437244508370007e-08
tp/relativebackward,0.009102258577141753,0.009184360052005108,0.009347662710245019,0.009055507496962151,0.009341830054734959,0.009853998292255682,0.009877432063230968,0.009436711496868618,0.00957118713284233,0.009362231443194343,0.009413317931948093,7.243099447318188e-08
gold,0.006723453602573624,0.0067891976591512825,0.007203801215299701,0.006917021980316313,0.0066450253422921535,0.006675805781037394,0.006706194727918497,0.006711114177597601,0.006811180866948347,0.0069335992641715175,0.006811639461730643,2.5548607841036357e-08
