,0,1,2,3,4,5,6,7,8,9,mean
type_fscore,0.1742,0.179,0.182,0.1984,0.1894,0.2029,0.1811,0.1762,0.1864,0.2054,0.1875
type_recall,0.395,0.4063,0.4094,0.4244,0.4449,0.4394,0.4141,0.3807,0.393,0.4295,0.41367000000000004
type_precision,0.1117,0.1148,0.117,0.1295,0.1203,0.1319,0.1159,0.1146,0.1222,0.135,0.12129000000000001
token_fscore,0.3,0.2878,0.3019,0.3418,0.2944,0.3141,0.2854,0.2928,0.285,0.282,0.29852
token_recall,0.2356,0.2253,0.2376,0.2728,0.2307,0.2493,0.2233,0.2301,0.2243,0.2218,0.23508
token_precision,0.4131,0.3985,0.4139,0.4573,0.4067,0.4246,0.3954,0.4025,0.3909,0.387,0.40899
boundary_fscore,0.5572,0.5569,0.5498,0.5568,0.5416,0.5585,0.5485,0.5501,0.5439,0.5471,0.55104
boundary_recall,0.3939,0.3936,0.3864,0.3939,0.3792,0.3959,0.3847,0.3897,0.3845,0.3888,0.38905999999999996
boundary_precision,0.9517,0.9515,0.9527,0.9496,0.9471,0.9479,0.9549,0.9348,0.9294,0.9225,0.94421
