,0,1,2,3,4,5,6,7,8,9,mean,variance
dibs,0.008172486688208892,0.008148086711630925,0.008232507511032591,0.00800927229310273,0.007955930153804592,0.007894615591438187,0.007612153971742761,0.007623893066652649,0.007740629737901348,0.008209880502387705,0.007959945622790239,5.060352685423794e-08
puddle,0.00737500633813048,0.007618023984095866,0.007215722978890362,0.007229006909717263,0.007590466982576316,0.007622362930764667,0.007518519457890921,0.0078086034302076255,0.007375627071914381,0.007212340402751524,0.00745656804869394,3.818930904468658e-08
baseline,0.007757822264920461,0.007833816912647826,0.007818827580327486,0.007764226466457275,0.007843803461810168,0.00774606979013486,0.00803496863704757,0.0076381339670704256,0.007492737334307507,0.007763797650443243,0.007769420406516683,1.7716469268143058e-08
dpseg,0.0071742136211773245,0.007723796123764637,0.007786014249648972,0.007477180051127861,0.007138849684398162,0.007165753419160283,0.007315442623486032,0.0070780314714139906,0.007157929871616095,0.0072777137928669265,0.007329492490866028,5.685105862158435e-08
tp/absoluteforward,0.00711143740516138,0.007228005149927352,0.007690171060394706,0.007394888290183403,0.007534052728997407,0.007439039287424928,0.007047731384264922,0.007257920146493587,0.00724574050728571,0.007141414827073334,0.007309040078720673,3.687752459365278e-08
tp/absolutebackward,0.007441265403991461,0.007500706422175806,0.00736650646597805,0.007539289987355246,0.007564408013657237,0.0072923343244654356,0.007624785104825665,0.007415627278554776,0.007221222794119216,0.007397023698708868,0.007436316949383176,1.4054352184919453e-08
tp/relativeforward,0.008005089580301761,0.008169306648824818,0.00847152681750949,0.0082930823435348,0.00847736187196971,0.008313154804110181,0.008054537919640893,0.00803404279614916,0.007869107554389743,0.008294963199151989,0.008198217353558255,3.782339583379672e-08
tp/relativebackward,0.009094787546439552,0.009063062976891417,0.008794634124795399,0.008616804653468667,0.009109314776300144,0.009209467588373689,0.009251010864810567,0.009270829789290405,0.009351595652348667,0.008787573959976022,0.009054908193269453,5.3275228258252946e-08
gold,0.006574610108241865,0.006700211667464231,0.006980109427488417,0.006633791077181295,0.006548252542395214,0.0065244391229424105,0.006566603780823892,0.006754824044233054,0.006613661773901134,0.006801086064986722,0.006669758960965824,1.817441995479615e-08
