,0,1,2,3,4,5,6,7,8,9,mean,variance
dibs,0.08451491813577117,0.06740275669122336,0.07071199877404429,0.07774278341719246,0.07779717662579877,0.08567276253163232,0.0802949075307337,0.10269394240753334,0.0970523580603994,0.08152049220353773,0.08254040963778665,0.00010511296769181258
puddle,0.06805820254208791,0.04291863824181702,0.040438444838577545,0.04070165455748241,0.03239225192985727,0.027651968653965586,0.03508103393212904,0.03481745973517196,0.0489155341122738,0.05351132152080436,0.04244865100641669,0.0001259956031902189
baseline,0.06324806611603817,0.04712338148402021,0.06271753502591408,0.06176063236718471,0.06720854377531749,0.061097434210949736,0.05679449548450221,0.08368712012057647,0.09817249688576522,0.08411455618343296,0.06859242616537012,0.00021117179092075325
dpseg,0.12546796287643439,0.10014929237042587,0.11363169292784624,0.11428614145620898,0.11821223777102471,0.11947795620061658,0.10737600257834257,0.12536066933851336,0.12524359962080944,0.11994950346962203,0.11691550586098443,6.210802819580288e-05
tp/absoluteforward,0.12774784331827202,0.10974218012693383,0.11086427536599379,0.12814560936134697,0.10619458898413837,0.10806894106979567,0.11627926516543065,0.1249802353501711,0.12530663102270398,0.11547879650467995,0.11728083662694663,6.613136328176374e-05
tp/absolutebackward,0.06366946365037787,0.053561934063865994,0.05345262171466233,0.05860081665525169,0.06188534015055835,0.04618285464974138,0.055894692415261675,0.06951957982464974,0.07106528198497543,0.06600132456311486,0.05998339096724594,5.601370997588322e-05
tp/relativeforward,0.2084165998403656,0.16865757398224218,0.17266996207245308,0.16303479432075388,0.14136376002690526,0.16551315625698013,0.151635226384324,0.19028086863364144,0.21670498776951008,0.18006938718741913,0.17583463164745944,0.0005064343763856357
tp/relativebackward,0.047100109972223046,0.029357144586442386,0.04088841057011975,0.05034637020070105,0.04375524343795927,0.03453190852713995,0.03564590877371893,0.042277884980963396,0.0504075316766257,0.07058218623956172,0.04448926989654552,0.00011817187194206936
gold,0.1361813400499627,0.10953883743432535,0.10607349351250461,0.12313176656265983,0.11381513038221279,0.11925128255376519,0.11514376021657266,0.1264282833752466,0.1318372241462515,0.12097641999881682,0.1202377538232318,8.192543174752587e-05
