,0,1,2,3,4,5,6,7,8,9,mean,variance
dibs,0.01145148050820485,0.0097314647822975,0.01121586830444635,0.011767670261413307,0.011061502981838512,0.012786654491809237,0.013325916529904593,0.011626664500109914,0.00976509857307242,0.009473328197349666,0.011220564913044634,1.481666551119346e-06
puddle,0.007278123564521443,0.007414102530433113,0.007682276673202939,0.007369119068689284,0.007465957971078894,0.007263318439957609,0.007111995927434275,0.007019338874408823,0.007142911859403235,0.007305302066922057,0.007305244697605166,3.318443774433372e-08
baseline,0.009393373502337871,0.009369533242898053,0.009714060322051833,0.009520575995939059,0.009726324531971179,0.009597052424765062,0.009147208394158373,0.009492875827509697,0.00927199241839043,0.009278861427425891,0.009451185808744744,3.3685208858145854e-08
dpseg,0.0075562725445759505,0.007566683637383708,0.00791585886438509,0.007687903165968786,0.007719468258925846,0.007788470385109607,0.007869784280256054,0.007925413669052517,0.007424569088308519,0.007614737970542244,0.0077069161864508325,2.556697273081696e-08
tp/absoluteforward,0.012016662171431347,0.012517953096749735,0.01306084773968137,0.012780527175988668,0.011565125156657023,0.011594869690763827,0.012564748740351935,0.012515204695868068,0.012027499015026633,0.011696412800847211,0.012233985028336582,2.4862288013015067e-07
tp/absolutebackward,0.01423975109547719,0.01253344966644241,0.012660123959606485,0.011694508646323539,0.012850285982256035,0.012629072252265228,0.013042791605265919,0.01305324542069062,0.012812396570898027,0.013519561895640228,0.012903518709486566,3.9511964831122643e-07
tp/relativeforward,0.007160134080062055,0.007094061785196398,0.007483160268084581,0.007313187760476492,0.007419914456873436,0.0071894819666820115,0.00716989382995395,0.007029589598788804,0.006959872606571169,0.007039836949984818,0.007185913330267373,2.6555151217783656e-08
tp/relativebackward,0.007727265210366344,0.007913428431632565,0.0077711323083305564,0.007547992330691848,0.007731745066348881,0.0077198357798991405,0.007704649455766419,0.007597487682045186,0.007706608463406932,0.007385365371934856,0.007680551010042272,1.8164881297801666e-08
gold,0.007808525038210752,0.0077011327549887315,0.008026552420069768,0.00821539443624855,0.008339451842520218,0.00811227559924772,0.007688451025043181,0.008317908365450391,0.0081143617440742,0.007897589755491525,0.008022164298134505,5.176998470780283e-08
