,0,1,2,3,4,5,6,7,8,9,mean,variance
dibs,0.02390644270684793,0.08746176990483019,0.05648067111569302,0.07296188174159077,0.0653269276989848,0.01798576534403229,0.06748268081073396,0.07958707036750444,0.055133584933994624,0.05942710663746466,0.05857539012616767,0.00044742207180658916
puddle,0.07627775817965908,0.0637105992821976,0.0463118309796044,0.07263355662366544,0.06901933154218215,0.07954398619890224,0.07810481560925828,0.07988965174287412,0.07091549042359936,0.07188047133410529,0.07082874919160478,9.000804549528942e-05
baseline,0.005634709588155583,0.015046923295913324,0.006903651965803137,0.007740090054786657,0.00864749926840805,0.0068580947792850145,0.010112706850669943,0.015309288761519277,0.020620363867778425,0.008775783235702904,0.010564911166802231,2.10223424982439e-05
dpseg,0.09359734169868039,0.10455155085287046,0.0898298844815851,0.10680564746436563,0.07599898956442735,0.08945093485909918,0.08445071635823988,0.0893005022509932,0.1044346867622274,0.08596967461534441,0.0924389928907833,8.998776787073304e-05
tp/absoluteforward,0.08653448760367854,0.09156441937225414,0.04415104302278105,0.04982922003383321,0.07457055551741888,0.08440155413677203,0.06379625871773402,0.0726054259306126,0.09652503518695324,0.11162375275510056,0.07756017522771383,0.0003951563584251135
tp/absolutebackward,0.051198953908348686,0.020696747403008406,0.030390681271705546,0.031456098716090994,0.03664707464476512,0.054247976426260336,0.03431398183896987,0.025553229915631994,0.052309747434350115,0.05539497691306503,0.039220946847219613,0.00015011222520176396
tp/relativeforward,0.026499965344948966,0.02962212075265716,0.016527010572382015,0.03486869295028022,0.0377140296345933,0.032149593232926765,0.03481585897447282,0.036187126132923825,0.03560547323416775,0.02319600072629898,0.03071858715556518,4.157707434841549e-05
tp/relativebackward,0.007345487528759087,0.0023690692947084834,0.007539039506646375,0.005069550155085476,0.011654216550603903,0.018721869606163115,0.012140727697706412,0.017207643409828454,0.0194662423333038,0.019697278102062246,0.012121112418486735,3.696392501171566e-05
gold,0.09347089773808896,0.08115763315375674,0.04584979509197041,0.04599117454259294,0.046163786321800626,0.04514709268619663,0.05837727007088592,0.03893257783839776,0.04900662303566407,0.04716157806119105,0.05512584285405451,0.00028710464554022804
