,0,1,2,3,4,5,6,7,8,9,mean
type_fscore,0.3794,0.3725,0.3844,0.3774,0.3654,0.3634,0.3674,0.3773,0.3737,0.3854,0.37463
type_recall,0.6307,0.6306,0.6518,0.6478,0.631,0.61,0.5866,0.6031,0.5993,0.6132,0.62041
type_precision,0.2713,0.2643,0.2726,0.2663,0.2572,0.2588,0.2674,0.2745,0.2715,0.281,0.26849
token_fscore,0.6077,0.6001,0.5991,0.5881,0.5797,0.5818,0.5863,0.586,0.5905,0.605,0.59243
token_recall,0.5285,0.5178,0.516,0.5022,0.4922,0.4942,0.4995,0.5019,0.5094,0.5266,0.5088299999999999
token_precision,0.7148,0.7135,0.7142,0.7095,0.7052,0.7072,0.7097,0.7041,0.7024,0.7108,0.70914
boundary_fscore,0.7364,0.7263,0.7189,0.7071,0.7011,0.7041,0.7096,0.7153,0.7272,0.7398,0.71858
boundary_recall,0.6034,0.5877,0.5783,0.5622,0.5548,0.5579,0.5661,0.5752,0.5913,0.6089,0.5785800000000001
boundary_precision,0.9446,0.9504,0.9497,0.9526,0.9522,0.9541,0.9506,0.9456,0.9442,0.9422,0.9486199999999998
