,0,1,2,3,4,5,6,7,8,9,mean
type_fscore,0.4009,0.404,0.4107,0.4129,0.4058,0.3914,0.3802,0.383,0.3828,0.3891,0.39608
type_recall,0.4936,0.4958,0.5036,0.5065,0.4997,0.4747,0.451,0.4529,0.4543,0.4678,0.4799900000000001
type_precision,0.3375,0.3408,0.3467,0.3485,0.3416,0.333,0.3286,0.3319,0.3307,0.333,0.3372300000000001
token_fscore,0.6574,0.6511,0.6571,0.6571,0.6472,0.6469,0.6565,0.652,0.6492,0.65,0.65245
token_recall,0.6121,0.6028,0.6089,0.6092,0.5978,0.6015,0.6147,0.6108,0.6073,0.6049,0.607
token_precision,0.7099,0.7078,0.7135,0.7132,0.7055,0.6996,0.7044,0.6993,0.6972,0.7025,0.70529
boundary_fscore,0.8175,0.8124,0.8139,0.8146,0.8106,0.8122,0.819,0.8174,0.8162,0.8158,0.8149599999999999
boundary_recall,0.7394,0.7285,0.7298,0.7313,0.7251,0.7337,0.7478,0.7469,0.7447,0.7385,0.7365700000000001
boundary_precision,0.9139,0.918,0.9198,0.9193,0.9189,0.9095,0.9053,0.9027,0.903,0.9112,0.9121600000000001
