,0,1,2,3,4,5,6,7,8,9,mean
type_fscore,0.2125,0.2154,0.2118,0.2144,0.2146,0.2156,0.212,0.2129,0.2132,0.213,0.21354
type_recall,0.6159,0.622,0.6147,0.6186,0.6064,0.5948,0.589,0.5915,0.593,0.6017,0.60476
type_precision,0.1284,0.1302,0.1279,0.1296,0.1304,0.1317,0.1292,0.1298,0.13,0.1294,0.12965999999999997
token_fscore,0.3607,0.3618,0.3606,0.3604,0.3551,0.3524,0.3507,0.3513,0.3521,0.3567,0.35618
token_recall,0.291,0.2919,0.2909,0.2904,0.2857,0.2837,0.2819,0.2827,0.2833,0.2875,0.28690000000000004
token_precision,0.4744,0.4757,0.4742,0.4747,0.469,0.4652,0.4638,0.4639,0.465,0.47,0.4695899999999999
boundary_fscore,0.6018,0.5987,0.5949,0.5969,0.5969,0.5968,0.5981,0.6006,0.5994,0.5985,0.59826
boundary_recall,0.4406,0.4373,0.4338,0.4354,0.4359,0.4368,0.438,0.441,0.4393,0.4382,0.4376300000000001
boundary_precision,0.9491,0.9489,0.9462,0.9487,0.9466,0.9418,0.9429,0.9414,0.943,0.9438,0.9452399999999999
