,0,1,2,3,4,5,6,7,8,9,mean
type_fscore,0.07427,0.07398,0.07969,0.08273,0.07811,0.0782,0.07917,0.08295,0.07989,0.07586,0.078485
type_recall,0.1746,0.1692,0.1769,0.18,0.1796,0.1767,0.1717,0.1716,0.1622,0.163,0.17255
type_precision,0.04717,0.04735,0.05143,0.0537,0.04991,0.05021,0.05145,0.05469,0.05299,0.04943,0.050832999999999996
token_fscore,0.2458,0.2515,0.2649,0.2625,0.2469,0.2473,0.2546,0.2588,0.2584,0.2509,0.25416
token_recall,0.2361,0.2412,0.2579,0.2562,0.2393,0.2399,0.2465,0.2501,0.2518,0.2442,0.24632000000000004
token_precision,0.2563,0.2628,0.2723,0.2691,0.2551,0.255,0.2632,0.2681,0.2653,0.258,0.26252
boundary_fscore,0.45,0.4477,0.4605,0.4593,0.4508,0.4586,0.4577,0.4616,0.4705,0.4618,0.4578500000000001
boundary_recall,0.4256,0.422,0.4434,0.4438,0.4315,0.4399,0.4378,0.4405,0.4542,0.445,0.43837000000000004
boundary_precision,0.4773,0.4766,0.479,0.4759,0.4719,0.4791,0.4795,0.4848,0.488,0.4798,0.4791899999999999
