,0,1,2,3,4,5,6,7,8,9,mean
type_fscore,0.4858,0.4929,0.49,0.4931,0.4793,0.4675,0.4554,0.4534,0.4504,0.4639,0.47317
type_recall,0.5239,0.5289,0.5301,0.5349,0.5148,0.4928,0.4889,0.4832,0.4744,0.4904,0.5062300000000001
type_precision,0.4529,0.4614,0.4556,0.4574,0.4485,0.4446,0.4262,0.4271,0.4286,0.4402,0.44425
token_fscore,0.7114,0.7148,0.7228,0.7291,0.7305,0.7083,0.6878,0.6882,0.7007,0.7023,0.7095900000000002
token_recall,0.75,0.7524,0.7596,0.7632,0.7629,0.7441,0.725,0.7251,0.7375,0.7414,0.7461199999999999
token_precision,0.6765,0.6808,0.6895,0.6979,0.7008,0.6758,0.6542,0.6548,0.6674,0.6672,0.67649
boundary_fscore,0.8243,0.8246,0.8287,0.8327,0.8357,0.8214,0.8121,0.8123,0.8176,0.8167,0.8226099999999998
boundary_recall,0.8864,0.8851,0.8877,0.887,0.8868,0.8785,0.8722,0.8716,0.8763,0.8793,0.88109
boundary_precision,0.7704,0.7718,0.777,0.7846,0.7902,0.7714,0.7598,0.7605,0.7663,0.7624,0.7714400000000001
