,0,1,2,3,4,5,6,7,8,9,mean
type_fscore,0.2716,0.2813,0.2845,0.2939,0.2932,0.287,0.2785,0.3028,0.2966,0.2939,0.28833000000000003
type_recall,0.4255,0.4266,0.439,0.4483,0.4488,0.431,0.4131,0.4314,0.4223,0.4327,0.43187
type_precision,0.1994,0.2098,0.2105,0.2186,0.2177,0.2152,0.2101,0.2333,0.2286,0.2225,0.21657
token_fscore,0.7604,0.7701,0.7669,0.7853,0.7914,0.7899,0.7523,0.7619,0.7715,0.7756,0.7725299999999999
token_recall,0.7203,0.7351,0.7303,0.7461,0.7507,0.7507,0.7139,0.7249,0.7368,0.7397,0.73485
token_precision,0.8053,0.8087,0.8074,0.8287,0.8368,0.8334,0.7951,0.8029,0.8097,0.8151,0.8143100000000001
boundary_fscore,0.8688,0.8736,0.8701,0.8788,0.8829,0.8815,0.8633,0.8701,0.8758,0.8789,0.87438
boundary_recall,0.8061,0.8181,0.8116,0.8169,0.8198,0.8212,0.8029,0.8125,0.822,0.8238,0.8154899999999999
boundary_precision,0.9422,0.9372,0.9377,0.951,0.9565,0.9514,0.9336,0.9366,0.9372,0.9418,0.9425200000000002
