,0,1,2,3,4,5,6,7,8,9,mean
type_fscore,0.09187,0.0934,0.09967,0.09816,0.1043,0.1005,0.1055,0.1059,0.1093,0.09547,0.100407
type_recall,0.1749,0.1805,0.1927,0.1822,0.1943,0.1787,0.181,0.1783,0.1886,0.1873,0.18385
type_precision,0.06229,0.063,0.06722,0.06717,0.07127,0.06986,0.07446,0.07537,0.07693,0.06406,0.069163
token_fscore,0.2951,0.2992,0.3072,0.3025,0.3108,0.3186,0.3264,0.31,0.317,0.2875,0.30743
token_recall,0.2996,0.3001,0.3074,0.3055,0.3132,0.3259,0.3318,0.3145,0.3197,0.2851,0.31028
token_precision,0.2908,0.2984,0.3071,0.2996,0.3085,0.3116,0.3212,0.3055,0.3144,0.2899,0.30469999999999997
boundary_fscore,0.5237,0.5173,0.52,0.518,0.5361,0.5466,0.5513,0.5371,0.5455,0.5149,0.5310499999999999
boundary_recall,0.5346,0.5193,0.5204,0.5251,0.5418,0.564,0.5638,0.5479,0.5517,0.509,0.5377600000000001
boundary_precision,0.5132,0.5153,0.5197,0.511,0.5305,0.5303,0.5394,0.5267,0.5394,0.5209,0.52464
