,0,1,2,3,4,5,6,7,8,9,mean
type_fscore,0.285,0.2925,0.2988,0.3012,0.2872,0.2995,0.3058,0.3034,0.3054,0.3031,0.29819
type_recall,0.4392,0.4463,0.4603,0.4567,0.4435,0.444,0.4422,0.4382,0.4429,0.4494,0.44627
type_precision,0.2109,0.2175,0.2212,0.2247,0.2123,0.2259,0.2337,0.232,0.233,0.2287,0.22399
token_fscore,0.7833,0.7836,0.786,0.8005,0.7975,0.7914,0.7803,0.7788,0.7913,0.7908,0.7883500000000001
token_recall,0.7542,0.7546,0.7559,0.7698,0.7625,0.7592,0.7507,0.7502,0.7632,0.7615,0.7581800000000001
token_precision,0.8148,0.8149,0.8187,0.8337,0.8358,0.8265,0.8124,0.8097,0.8216,0.8224,0.82105
boundary_fscore,0.8835,0.8838,0.8824,0.8905,0.8888,0.8858,0.8824,0.8819,0.8887,0.889,0.88568
boundary_recall,0.8379,0.8383,0.8347,0.8426,0.8349,0.836,0.8366,0.8377,0.8457,0.8441,0.8388500000000001
boundary_precision,0.9343,0.9346,0.9359,0.9441,0.9501,0.9418,0.9334,0.931,0.9363,0.9391,0.9380599999999999
