,0,1,2,3,4,5,6,7,8,9,mean
type_fscore,0.1562,0.165,0.1681,0.1707,0.1641,0.1621,0.1611,0.1713,0.1681,0.1646,0.16513
type_recall,0.4518,0.4632,0.4781,0.4765,0.4679,0.4501,0.4354,0.4452,0.4463,0.4538,0.45682999999999996
type_precision,0.09443,0.1004,0.102,0.104,0.09948,0.09887,0.0988,0.1061,0.1036,0.1005,0.10081799999999999
token_fscore,0.3049,0.3192,0.3202,0.3215,0.3048,0.3049,0.2969,0.2968,0.2997,0.3008,0.3069700000000001
token_recall,0.2401,0.2528,0.2538,0.2551,0.2404,0.2409,0.234,0.2343,0.2364,0.2371,0.24248999999999996
token_precision,0.4177,0.4329,0.4336,0.4344,0.4162,0.4153,0.4061,0.4048,0.4093,0.4114,0.41816999999999993
boundary_fscore,0.5624,0.5642,0.5584,0.5589,0.5573,0.5607,0.5563,0.5578,0.5585,0.5632,0.5597700000000001
boundary_recall,0.3988,0.4006,0.3954,0.3958,0.3938,0.3983,0.3948,0.3976,0.3976,0.4015,0.39742
boundary_precision,0.9534,0.9534,0.9503,0.9505,0.9526,0.9469,0.9412,0.9343,0.9383,0.9434,0.9464300000000001
