,0,1,2,3,4,5,6,7,8,9,mean
type_fscore,0.2962,0.2938,0.3063,0.3003,0.2875,0.2948,0.2919,0.2917,0.2943,0.2892,0.2946000000000001
type_recall,0.4085,0.4078,0.4227,0.4182,0.4075,0.3944,0.3801,0.3816,0.3861,0.3894,0.39963000000000004
type_precision,0.2323,0.2297,0.2401,0.2342,0.2221,0.2354,0.237,0.2361,0.2377,0.23,0.23345999999999995
token_fscore,0.6042,0.5942,0.604,0.5976,0.5756,0.6001,0.5959,0.5914,0.5964,0.5879,0.59473
token_recall,0.5495,0.5388,0.5475,0.5411,0.5179,0.5477,0.546,0.5411,0.5449,0.5354,0.5409900000000001
token_precision,0.671,0.6625,0.6734,0.6671,0.6476,0.6637,0.6559,0.652,0.6586,0.6519,0.6603700000000001
boundary_fscore,0.7835,0.7745,0.7772,0.7736,0.7603,0.7821,0.7825,0.7792,0.7845,0.7781,0.7775500000000001
boundary_recall,0.6852,0.6739,0.6749,0.6712,0.6552,0.6878,0.693,0.6888,0.6923,0.6832,0.68055
boundary_precision,0.9147,0.9106,0.9162,0.9129,0.9057,0.9063,0.8986,0.8968,0.905,0.9035,0.90703
