,0,1,2,3,4,5,6,7,8,9,mean,variance
dibs,0.008274951745959169,0.008126868879886425,0.008113857627078521,0.008169195148682078,0.007932966174180725,0.007709934827712696,0.007798869819470778,0.007651287412319711,0.007865113223223141,0.008196593486996995,0.007983963834551026,4.382417448313847e-08
puddle,0.007124529433900491,0.007220642956357352,0.007181095949898207,0.007421218870688722,0.007331182913841795,0.007317403045641111,0.00739225553378632,0.007537358926516877,0.007093283206948941,0.007056384010092828,0.007267535484767264,2.235863668841369e-08
baseline,0.007655369019412478,0.007542997601002237,0.007735623408842107,0.007760170614583039,0.0074536683416187985,0.007356417877614541,0.007451631183748102,0.0073063197828379,0.007260579081684257,0.0073609589734535946,0.007488373588479705,2.8711253145650676e-08
dpseg,0.00745862093698542,0.007717871729367838,0.007580742017626174,0.007570950788638533,0.007376561418710426,0.007224813319787266,0.0072372671600996405,0.007573686720546583,0.007245059428720831,0.007435601971379641,0.007442117549186236,2.6179469524903706e-08
tp/absoluteforward,0.00714380047939307,0.007319748022534231,0.007437567089825089,0.007455419634011738,0.007337797755079793,0.0073468825922366554,0.00705224428375692,0.0070990419773874465,0.007010283991882802,0.0070244757142868255,0.007222726154039456,2.7339843568028545e-08
tp/absolutebackward,0.007159647304282748,0.00707803628352775,0.007113814276760314,0.007436839700186216,0.007180443205649782,0.007079376535213829,0.007415881162822228,0.007112914648366802,0.007096684800073899,0.007219993080324504,0.007189363099720808,1.590878513759867e-08
tp/relativeforward,0.008136525212189771,0.008289382753229066,0.008091824366177653,0.0079796331765876,0.00834047425695654,0.008270802749257112,0.007826226373848465,0.007979144825591363,0.00815054738460724,0.008062226366902575,0.008112678746534738,2.30688729794098e-08
tp/relativebackward,0.008668987466955424,0.008267358988354305,0.008636558123153792,0.0089187407366379,0.00888885893053276,0.008943021341100482,0.008647762858689992,0.009035424503057863,0.008824823710823932,0.00852698494470087,0.008735852160400733,4.826391819124418e-08
gold,0.006502695076170298,0.0065598365679504465,0.006730261482264168,0.006560290103700818,0.0065246566234001295,0.006403537235729939,0.0066833437967265714,0.00663303084241108,0.006595465417499603,0.006693979112444124,0.006588709625829718,8.951565677173094e-09
