,0,1,2,3,4,5,6,7,8,9,mean,variance
dibs,0.08557893286590387,0.07683596702450658,0.08070490021063077,0.08455943658953279,0.0885971879720654,0.0849359741135873,0.09948696514464823,0.10185569920745542,0.09233078416989829,0.08152796130084783,0.08764138085990765,5.8858571230559556e-05
puddle,0.06914470511989276,0.038226080841641565,0.032617110504438426,0.03815800821271861,0.04091642194855745,0.03242468102635262,0.03406672044684443,0.037651107803337525,0.052641888737674,0.056088043679419455,0.043193476832087685,0.0001326066561817545
baseline,0.07646479554920166,0.062297939065989565,0.0700438218513611,0.07271007655933556,0.07981389764509057,0.09550904159295079,0.09206706967352248,0.09205844929750417,0.07962388979804513,0.07901487012020848,0.07996038511532096,0.00010108107204762429
dpseg,0.12037861150761368,0.1159840641544799,0.11551573616886189,0.11574968812509125,0.12345342469023993,0.10539281907096429,0.12415314226129992,0.12101666090956485,0.10800391299123434,0.10577937234122983,0.115542743222058,4.454839020488058e-05
tp/absoluteforward,0.1263851933202487,0.12128280371578387,0.12996267103245118,0.12036164123768425,0.12102148023817441,0.10709710729996805,0.13574828444807563,0.13052650126830576,0.13620717318541414,0.1256662445417225,0.12542591002878284,6.685194249746197e-05
tp/absolutebackward,0.08326230134412034,0.07091876775979351,0.06670546967368819,0.06921572806039145,0.06867406369620557,0.0628027676529112,0.06584909925780943,0.07622348948361245,0.07662815331123014,0.07418452520778107,0.07144643654475434,3.3824272330050966e-05
tp/relativeforward,0.21545602691233645,0.18637992526939223,0.19341918331215494,0.1640420036346251,0.15022667423335045,0.15392263442602191,0.1870544949161647,0.18170128013315676,0.19424743181673373,0.19809787168036552,0.1824547526334302,0.00038219697625316236
tp/relativebackward,0.0401656873656197,0.0553842265775097,0.05193755297801215,0.04404884729413108,0.03701594494969877,0.0395469759249198,0.06001119980163647,0.04907813034979876,0.059274367665438525,0.0643961463179133,0.05008590792246783,8.369884165726485e-05
gold,0.13451294680983422,0.12291755832449706,0.11918876449546745,0.12271245763869755,0.12313580505866711,0.11881206112985085,0.13762418460929415,0.13499895396966774,0.13390840823560776,0.12846464272817493,0.1276275782999759,4.572727655606652e-05
