,0,1,2,3,4,5,6,7,8,9,mean
type_fscore,0.3234,0.3247,0.3275,0.3506,0.3368,0.3591,0.3335,0.318,0.3286,0.3293,0.33315
type_recall,0.4175,0.4174,0.4213,0.4365,0.4565,0.4571,0.4281,0.4088,0.4007,0.3944,0.42383
type_precision,0.2639,0.2657,0.2678,0.2929,0.2669,0.2957,0.2732,0.2602,0.2785,0.2826,0.27474000000000004
token_fscore,0.6003,0.6136,0.6222,0.6381,0.5801,0.617,0.6199,0.6007,0.6097,0.6001,0.61017
token_recall,0.546,0.5619,0.5699,0.5909,0.5196,0.5658,0.5673,0.5458,0.564,0.5594,0.55906
token_precision,0.6666,0.6758,0.685,0.6934,0.6565,0.6783,0.6833,0.668,0.6635,0.6473,0.6717700000000001
boundary_fscore,0.7817,0.7969,0.7903,0.794,0.758,0.7878,0.795,0.7734,0.7889,0.7839,0.78499
boundary_recall,0.6852,0.7063,0.6977,0.7089,0.6485,0.6956,0.7024,0.6771,0.7075,0.7118,0.6941
boundary_precision,0.9097,0.9141,0.9114,0.9023,0.9119,0.9081,0.9157,0.9016,0.8915,0.8722,0.9038499999999999
